examples/Input/flowacc_flow1.asc
ncols         834
nrows         571
xllcorner     422808.52371438
yllcorner     4832948.6261134
cellsize      3
NODATA_value  -9999
[rows 441 to 503 of 571, columns 384 to 479 of 834]
2078 6 1 8 874 1 0 1 0 2 0 10 8 961 938 917 7 6 5 4 3 2 1 0 0 2 0 3 1 6 0 87 20 1 0 6 5 4 3 2 1 0 0 3 0 2 1 1 0 14 5 6 19 1 9 12 0 0 11 0 8 4 0 1 14 12 7 12 5 3 2 2 0 3 0 1 0 495 4 5 0 0 1 2 6 11 334 330 8 16 0 13 10 16 9 10
7 5 0 7 867 5 3 1 0 1 3 5 7 6 14 19 901 8 7 6 5 4 3 2 1 0 1 0 2 0 5 2 65 19 18 17 16 15 14 13 11 4 2 1 1 1 0 0 9 3 4 5 18 0 8 4 6 0 9 0 6 3 0 13 11 6 11 4 2 1 1 0 1 0 1 2 493 0 3 3 0 0 1 5 1 8 333 0 328 7 15 13 12 9 15 8
6 0 3 6 15 850 0 0 0 0 2 4 6 5 13 2 15 891 2 1 0 0 6 5 4 3 2 1 0 1 0 1 1 64 5 4 3 2 1 0 0 5 1 0 0 0 0 7 0 2 3 4 7 9 7 3 5 7 0 4 0 2 12 10 5 10 3 1 0 0 0 1 2 3 4 157 297 33 0 1 2 0 4 0 7 248 10 72 320 6 6 0 12 11 8 14
4 0 2 5 14 33 815 4 3 0 1 3 5 4 12 1 14 5 881 687 682 10 2 1 0 6 5 4 3 2 1 0 0 0 57 54 5 4 3 2 1 0 2 1 0 1 0 5 0 1 2 3 6 8 6 2 4 6 2 0 1 11 9 4 9 2 0 0 1 2 3 4 5 30 151 0 295 10 21 0 1 2 0 6 9 237 9 10 60 319 5 5 3 11 10 7
2 0 1 4 13 32 771 37 21 1 0 2 4 3 11 0 13 4 8 183 3 669 10 9 8 0 14 13 12 11 10 9 6 5 3 1 47 37 36 13 12 11 10 9 8 5 4 3 4 0 1 2 5 7 5 1 3 5 1 0 10 8 3 8 1 1 2 3 4 20 21 22 23 112 6 285 8 9 19 0 0 1 5 0 7 236 8 9 58 0 318 4 0 2 10 9
2 1 0 3 12 31 756 13 14 20 0 1 3 2 9 0 12 3 7 181 0 2 657 652 0 21 5 4 3 2 1 0 1 0 0 2 0 8 0 21 20 19 18 17 16 13 4 2 2 3 0 1 4 6 4 0 2 4 0 9 7 2 7 0 0 0 12 13 14 0 70 95 111 5 257 26 7 8 9 8 0 2 1 6 228 6 7 8 20 36 275 41 3 0 1 9
13 1 0 2 11 30 28 726 12 13 19 0 2 1 5 2 11 2 6 7 172 1 0 2 650 576 9 8 7 6 5 4 3 2 1 0 1 0 6 5 4 3 2 1 0 1 7 0 1 1 2 0 3 5 3 1 2 0 8 6 1 6 7 8 9 10 0 53 65 68 23 14 4 2 253 25 6 7 8 7 1 0 5 1 225 5 6 7 19 35 273 0 40 1 0 0
3 8 0 1 10 29 27 718 6 11 12 18 1 0 4 1 10 1 5 6 40 130 0 1 2 47 565 387 386 324 15 14 13 12 11 10 9 8 7 6 5 4 3 2 1 0 0 6 0 0 0 1 2 4 2 0 1 7 5 0 5 6 0 1 2 34 51 10 1 22 13 3 1 203 48 24 5 6 7 6 0 4 0 2 221 4 5 6 18 34 22 249 12 39 20 9
2 3 3 0 9 28 26 5 711 5 10 11 17 0 3 0 9 0 4 5 39 17 111 0 1 37 8 176 77 60 307 305 12 11 10 9 8 7 6 5 4 3 2 1 0 2 1 0 4 3 2 0 1 3 1 0 5 0 4 4 5 6 13 14 30 15 9 0 21 12 2 0 4 197 47 23 4 5 6 5 2 0 1 171 48 3 4 5 17 33 21 222 12 11 17 9
1 2 2 7 0 27 25 4 29 680 4 9 10 16 1 0 5 2 3 4 38 16 108 1 0 31 4 7 97 76 59 0 291 10 9 8 7 6 5 4 3 2 1 0 5 1 0 0 2 1 0 1 0 2 0 3 0 3 3 4 5 5 12 14 14 8 9 20 11 1 1 3 185 10 46 22 3 4 5 4 1 0 2 167 47 2 3 4 16 32 20 207 13 11 10 16
0 1 1 6 6 19 24 3 28 5 673 3 8 9 15 0 4 1 2 3 37 14 0 107 0 1 28 3 6 96 75 58 30 279 8 7 6 5 4 3 2 1 0 10 3 2 1 7 3 2 1 0 0 1 1 0 2 2 3 4 4 11 0 13 7 8 9 10 0 0 0 29 154 9 45 21 2 3 4 3 0 1 2 163 46 1 2 3 15 31 19 14 191 12 10 9
2 0 0 5 5 18 23 2 27 4 665 6 2 7 8 14 3 0 1 2 9 26 13 0 105 0 3 23 2 5 95 74 26 29 269 71 69 3 2 1 0 29 28 16 15 14 13 4 3 2 1 0 0 0 0 1 1 2 3 3 10 5 12 6 7 8 9 1 2 3 28 145 7 8 44 20 1 2 3 2 0 1 3 158 45 0 1 2 14 30 18 13 179 10 11 9
0 1 3 0 4 17 22 1 26 3 7 656 5 1 6 7 13 2 0 1 8 25 1 10 0 103 0 1 22 1 4 94 73 25 28 196 0 64 44 43 42 11 10 9 8 7 6 5 4 3 2 1 0 0 0 0 1 2 2 9 4 5 5 6 7 8 0 17 19 23 137 6 6 7 43 19 0 1 2 1 0 2 4 152 19 24 0 1 13 29 17 12 156 21 9 10
1 0 2 2 0 16 21 0 25 2 6 652 2 4 0 5 6 12 1 0 7 8 15 0 9 19 82 0 1 19 0 3 93 72 24 27 195 193 18 17 16 15 14 13 12 11 10 9 8 7 6 5 3 1 0 0 1 1 8 3 4 4 5 6 7 1 16 0 2 102 33 5 5 6 42 7 10 0 1 0 1 3 148 2 10 7 23 0 12 28 16 11 148 6 20 8
2 0 1 1 0 14 8 11 24 1 5 18 632 1 3 1 4 5 11 0 6 5 1 14 8 1 16 81 0 1 16 0 1 92 71 23 26 0 192 175 28 27 25 23 11 10 9 8 7 6 5 4 3 2 0 0 0 7 2 3 3 4 5 6 0 13 0 1 12 88 32 4 4 5 41 6 4 4 0 0 2 56 90 1 9 6 10 11 11 27 15 10 38 108 5 19
0 1 0 0 3 9 7 10 23 0 4 17 23 607 0 0 0 3 4 10 5 4 0 13 1 5 0 15 80 0 13 1 0 89 1 70 22 25 14 15 145 21 0 0 10 9 8 7 6 5 4 3 2 1 0 0 6 1 2 2 3 4 5 5 12 7 8 11 83 3 31 3 3 4 40 5 3 2 0 1 55 2 86 0 8 5 9 10 10 26 14 9 37 86 20 4
2 1 0 2 3 4 6 9 4 17 3 16 22 16 589 2 1 0 2 3 9 4 3 12 0 1 2 14 77 1 0 11 0 86 1 0 69 21 9 13 14 122 20 19 18 17 8 7 6 5 4 3 2 1 0 4 0 1 1 2 3 4 4 5 6 0 1 76 5 2 30 2 2 3 39 4 2 1 0 54 1 3 76 4 7 4 8 9 9 25 13 8 36 84 0 19
1 0 0 1 2 3 5 8 3 16 2 15 21 15 62 522 7 1 0 1 2 8 3 2 11 0 1 13 7 68 0 3 6 83 1 0 6 61 20 8 12 13 121 113 98 0 7 6 5 4 3 2 1 0 0 3 0 0 1 2 3 3 4 5 6 13 68 6 4 1 29 1 1 2 38 3 1 0 2 50 0 2 75 3 6 3 7 8 8 24 12 7 35 3 79 14
8 4 3 0 1 2 4 7 2 15 1 14 20 14 61 509 3 4 3 2 0 1 7 2 1 10 0 12 6 1 65 0 1 5 82 0 5 43 16 19 7 11 12 6 13 96 40 39 25 22 3 2 1 0 0 1 0 0 1 2 2 3 4 5 5 6 46 5 3 0 28 0 0 1 37 2 0 1 45 3 1 0 73 2 5 2 6 7 7 23 11 6 34 2 78 8
9 2 1 2 0 1 3 6 1 14 0 13 19 13 60 15 492 2 1 0 1 0 0 6 1 0 9 11 1 3 0 64 0 1 2 81 0 3 42 15 18 6 10 11 5 12 54 38 12 1 17 10 9 8 6 0 0 0 1 1 2 3 4 4 5 5 39 4 2 10 2 13 0 22 13 1 0 23 20 2 0 31 40 1 4 1 5 6 6 22 10 5 33 1 49 27
67 8 0 0 1 0 2 5 0 13 2 9 18 12 59 14 461 29 9 8 7 6 5 4 5 0 8 8 1 0 2 3 59 0 1 29 50 0 1 41 14 17 5 9 10 4 11 14 37 11 0 5 4 3 2 4 1 0 0 1 2 3 3 4 4 33 4 3 1 9 1 12 21 10 1 0 22 7 11 1 0 29 39 0 3 0 4 5 5 21 9 4 32 0 46 1
309 66 6 4 2 0 1 4 5 6 1 8 17 11 58 13 14 445 18 4 3 2 1 0 3 4 4 2 7 0 1 2 3 54 0 1 26 49 0 3 36 13 16 4 8 9 3 10 13 36 10 8 2 1 0 1 1 0 0 1 2 2 3 3 24 7 3 2 0 8 0 11 20 9 0 17 3 6 10 0 1 26 8 29 1 0 3 4 4 20 8 3 15 15 33 11
18 289 65 0 0 1 0 3 4 5 0 7 16 10 57 12 13 15 428 12 4 3 2 1 0 2 3 3 1 6 0 1 2 13 39 0 22 2 48 1 0 35 12 15 3 7 8 2 9 12 35 0 4 3 2 0 0 0 0 1 1 2 2 17 5 6 2 1 6 0 3 6 19 8 12 3 2 5 9 0 17 7 7 8 19 0 2 3 3 19 7 2 14 14 32 1
17 283 4 64 60 1 0 2 3 4 5 0 15 9 56 11 12 14 164 262 6 5 4 3 2 1 1 2 2 0 5 0 1 12 36 1 18 2 1 47 0 26 7 11 14 2 6 7 1 8 11 34 29 25 13 0 0 0 0 0 1 1 5 10 4 5 1 0 5 2 5 3 14 7 11 2 1 4 8 0 15 6 6 7 17 0 1 2 2 18 6 1 13 13 31 0
16 211 70 3 2 57 0 1 2 3 4 6 7 8 55 10 11 13 163 3 257 153 7 6 5 0 0 0 1 1 2 1 0 11 3 31 0 17 1 0 46 0 24 6 10 13 1 5 6 0 7 10 3 2 10 12 7 3 1 0 0 2 1 9 3 4 0 4 1 4 2 3 9 6 10 1 0 3 7 5 8 5 5 6 5 10 0 1 1 17 5 0 12 12 5 24
15 210 53 15 2 1 56 0 1 2 3 5 6 7 54 9 10 12 162 2 84 17 144 126 0 3 2 1 0 0 0 1 0 10 2 4 25 10 5 0 44 0 15 7 5 9 12 0 4 5 3 2 9 2 1 9 2 1 0 0 1 0 5 2 2 3 3 0 3 1 2 8 3 1 9 0 1 0 6 4 7 4 4 5 4 7 1 0 0 16 4 5 5 11 4 11
14 209 52 0 13 1 0 55 0 1 2 4 5 6 53 8 9 11 161 1 4 78 16 16 124 106 5 4 3 2 1 0 0 9 1 3 24 9 0 3 0 42 2 11 6 4 8 11 6 3 4 2 1 8 1 0 8 1 0 0 0 4 1 1 2 0 1 2 0 1 5 1 2 0 7 0 0 4 0 3 6 3 3 4 3 4 1 0 0 14 3 4 4 10 3 10
13 208 4 46 9 2 0 1 52 0 1 3 4 5 52 7 8 10 160 0 3 0 76 15 15 16 99 48 6 5 4 3 2 8 0 2 23 0 7 0 1 2 38 1 10 5 3 7 3 5 2 3 1 0 7 0 5 1 0 0 2 0 0 0 0 0 0 0 0 1 2 0 1 2 2 0 0 2 0 1 5 2 2 3 2 2 0 0 2 10 2 3 3 9 2 9
12 207 3 4 40 8 1 0 2 48 0 2 3 4 51 6 7 9 29 129 0 1 3 71 14 14 15 49 40 35 34 1 0 1 7 1 17 4 1 4 0 1 15 21 0 9 4 2 6 2 4 1 2 0 5 0 1 2 0 0 0 1 0 0 0 0 0 0 0 0 0 0 0 0 0 0 0 0 0 1 2 1 1 2 1 0 0 1 3 5 1 2 2 4 3 1
11 206 2 3 4 34 7 0 1 5 41 1 2 3 50 5 6 8 28 12 115 0 2 18 51 13 13 14 48 3 1 31 26 0 0 6 0 16 3 0 3 0 4 9 20 4 3 3 1 5 1 3 0 1 3 0 0 1 0 0 0 0 2 1 1 1 1 1 1 0 0 0 0 0 0 0 0 0 0 0 0 0 0 0 0 0 0 2 0 3 0 1 1 3 2 0
10 205 1 2 3 33 0 5 0 4 40 0 1 2 49 4 5 7 27 11 113 0 1 15 1 50 12 12 13 47 0 0 3 24 23 0 5 7 7 2 1 0 3 8 11 7 3 2 2 0 4 0 2 0 0 1 0 0 0 1 1 1 1 5 2 2 2 2 2 1 1 1 0 2 1 0 1 2 0 0 0 0 0 0 1 0 0 0 0 0 0 0 0 2 0 0
9 204 0 1 2 27 4 3 0 3 6 32 0 1 48 3 4 6 26 10 44 67 0 1 12 0 49 11 11 12 46 35 15 2 1 21 1 2 6 6 1 0 2 7 10 3 2 2 1 1 0 2 0 0 0 0 0 0 1 1 2 2 4 6 3 3 3 3 3 2 2 0 3 3 3 0 2 3 2 1 1 0 2 2 0 0 0 0 0 0 3 2 1 0 1 0
8 4 198 0 1 26 3 0 1 2 5 4 26 0 47 2 3 5 25 9 6 36 66 0 10 0 37 10 10 10 11 9 18 14 13 0 20 0 1 5 5 0 1 6 6 2 2 1 1 0 0 0 0 0 0 0 1 1 1 2 2 3 3 12 4 4 4 4 4 3 3 1 0 4 8 1 3 4 5 0 2 4 0 4 1 0 2 0 2 4 0 2 1 0 0 0
7 3 90 106 0 11 13 2 0 1 4 3 14 10 46 1 2 4 24 8 5 5 29 65 5 3 0 35 9 9 9 10 8 17 1 12 1 17 0 0 4 4 0 5 2 2 1 1 0 0 0 0 0 0 1 1 1 2 2 2 3 3 4 4 18 5 5 5 5 4 4 2 0 1 14 2 4 5 6 1 3 6 5 0 2 1 3 1 8 1 3 0 0 0 2 2
6 2 89 10 94 0 9 12 1 0 3 2 13 9 45 0 1 3 23 7 4 4 28 60 3 4 2 25 8 8 8 8 9 7 14 0 11 0 15 9 4 3 3 0 3 1 1 0 0 0 0 2 0 1 1 4 0 2 3 3 3 4 4 5 24 6 6 6 6 5 5 3 1 2 15 3 5 6 7 2 11 6 1 0 3 2 4 11 0 6 1 0 2 0 6 0
5 1 88 9 27 65 7 0 11 0 2 1 12 8 7 36 0 2 22 6 3 3 27 38 20 2 3 1 24 7 7 7 7 8 6 13 9 10 4 4 3 3 2 2 1 0 0 0 0 0 1 4 1 2 0 2 6 0 3 4 8 0 5 11 0 32 7 7 7 6 6 4 2 3 0 20 0 13 8 3 19 2 1 0 4 3 5 13 7 2 1 0 4 7 0 1
4 0 87 8 26 64 0 5 7 2 1 0 11 7 6 34 0 1 21 5 2 2 26 14 22 19 1 2 0 23 6 6 6 6 7 5 2 8 4 3 3 2 2 1 1 0 0 0 0 1 1 2 7 3 1 0 3 7 1 4 5 9 1 18 0 1 41 8 8 7 7 5 3 4 1 0 22 14 9 24 3 2 1 0 9 0 6 22 3 0 3 5 8 1 0 0
3 79 6 7 25 0 62 0 3 6 1 0 10 6 5 9 23 0 20 4 1 1 25 13 17 3 18 0 1 8 13 5 5 5 5 6 4 1 7 3 2 2 1 1 0 0 0 1 1 1 2 2 11 4 2 1 0 4 8 2 11 10 0 2 19 1 2 51 9 8 8 6 4 5 2 1 0 23 25 29 3 2 1 0 10 1 7 27 0 1 10 9 2 1 0 1
2 78 5 6 7 16 5 55 0 1 5 0 9 5 4 8 10 11 19 3 0 0 24 12 3 12 2 17 0 1 5 12 4 4 4 4 5 3 0 6 2 1 1 0 0 0 0 1 2 2 2 3 15 5 3 2 1 0 5 9 3 12 11 4 0 20 2 3 52 19 9 7 5 6 5 0 1 0 50 34 0 5 1 0 11 2 36 0 1 2 11 13 0 2 1 2
1 77 4 5 6 15 4 5 48 0 1 2 8 4 3 7 9 10 18 0 1 15 7 11 2 11 1 4 11 0 1 2 11 3 3 3 3 4 2 3 1 1 0 0 0 0 1 1 2 3 3 3 4 22 4 3 2 1 0 16 0 4 13 12 6 0 21 7 0 73 10 8 6 7 6 1 2 1 51 35 1 8 0 1 12 40 1 2 0 3 26 0 4 2 0 3
0 76 3 4 5 14 3 4 17 29 0 1 7 3 2 6 8 9 6 10 0 14 6 10 1 10 0 3 3 6 0 1 7 2 2 2 2 2 3 1 2 0 0 0 0 1 1 2 2 3 4 4 4 28 5 4 3 2 1 0 18 5 0 14 20 0 23 8 1 0 85 9 7 8 7 2 3 2 52 36 2 10 2 0 54 2 3 1 4 0 27 6 3 0 1 4
35 39 2 3 4 13 2 3 16 0 27 0 6 2 1 5 7 8 5 4 4 13 5 2 6 0 9 2 2 2 2 0 4 1 1 1 1 1 1 2 0 1 0 0 1 3 2 2 3 3 4 5 5 34 6 5 4 3 2 0 20 6 1 0 15 21 1 33 2 1 86 10 8 9 8 3 4 3 53 37 3 14 0 1 55 3 6 5 1 0 35 4 1 0 2 5
34 38 1 2 3 12 1 2 8 6 5 20 5 1 0 4 6 7 4 3 3 12 4 1 0 4 5 2 1 1 1 1 2 0 0 0 0 0 0 0 1 0 0 0 1 2 7 3 3 4 4 10 6 6 35 13 5 4 3 0 1 28 2 0 1 16 22 2 34 5 0 98 9 10 9 4 5 4 54 38 19 0 1 2 56 4 13 0 3 36 5 2 1 0 3 6
11 37 0 1 2 11 0 1 7 5 4 19 1 2 0 3 5 6 3 2 2 10 0 3 0 3 2 1 1 0 0 0 0 1 0 0 1 0 0 0 0 0 0 2 1 0 1 8 4 4 10 0 12 7 7 50 6 5 4 1 0 2 32 0 1 2 17 26 35 6 1 0 109 11 10 5 6 5 94 20 1 0 2 3 57 19 0 5 37 6 3 0 3 0 4 7
10 4 31 0 1 2 7 0 6 4 3 3 14 0 1 2 4 5 2 1 1 3 5 1 0 2 0 0 0 0 0 0 0 0 1 2 0 0 2 1 1 0 0 0 3 6 7 10 9 15 0 11 0 13 8 59 7 6 5 2 1 3 0 33 1 2 3 45 36 7 2 0 1 122 11 6 7 101 21 2 0 4 0 4 58 20 7 38 7 4 1 4 0 1 5 8
9 3 4 25 0 1 2 3 5 3 2 2 4 8 0 1 3 4 1 0 0 2 2 1 0 0 0 0 0 0 1 1 1 0 3 4 0 1 5 2 1 0 0 1 3 0 0 0 12 0 16 1 12 1 14 9 68 7 6 3 2 4 1 0 34 2 7 46 37 0 11 1 2 0 135 7 110 22 0 3 1 5 6 0 59 21 47 8 5 2 5 1 2 0 6 9
8 2 3 6 17 0 1 2 4 2 1 1 3 2 4 0 2 1 1 0 0 0 0 0 0 0 0 0 1 1 3 2 2 1 4 6 2 0 6 5 0 1 1 0 0 4 6 8 9 13 1 17 2 16 2 15 10 69 15 4 3 5 2 1 0 35 3 8 47 39 12 2 3 1 136 8 111 24 0 4 2 6 7 61 0 22 57 6 3 6 2 3 1 0 7 10
7 1 2 5 7 8 0 1 3 1 0 0 2 1 2 0 0 0 0 0 0 0 0 0 0 0 1 1 1 2 6 6 0 2 5 10 1 0 7 6 1 2 2 0 1 3 4 5 6 10 14 2 18 0 17 3 16 81 0 16 5 10 3 2 0 1 36 4 9 48 53 3 4 2 137 9 137 0 1 8 7 8 0 62 1 81 7 4 7 3 4 2 1 0 8 11
6 0 1 4 6 5 1 0 0 1 0 0 0 0 0 0 0 0 0 0 1 2 0 0 1 1 3 0 2 2 10 7 1 3 6 11 3 0 8 9 0 3 3 0 2 3 4 0 1 9 21 15 3 19 1 18 40 0 82 1 17 17 4 3 1 0 39 0 5 10 49 54 9 3 138 10 138 3 0 17 0 9 1 63 84 0 13 8 4 5 3 2 0 1 9 0
1 3 0 3 5 3 0 0 0 0 0 0 0 0 0 0 0 2 1 1 2 3 1 0 3 0 2 4 1 3 3 19 2 4 7 12 4 1 9 11 4 4 0 0 0 0 1 7 0 1 2 25 16 4 20 2 0 41 84 0 2 36 5 4 2 1 0 41 0 6 11 50 65 4 139 11 139 5 0 18 11 0 66 0 85 15 9 5 6 4 3 0 1 2 10 1
0 0 2 2 3 0 2 1 0 0 0 1 2 0 2 1 1 3 2 2 3 4 2 1 0 4 4 0 5 2 4 24 0 16 13 0 5 2 22 5 5 1 0 1 0 1 0 1 10 11 12 13 40 17 5 21 3 1 44 85 4 37 6 5 3 2 1 0 42 1 7 12 51 71 140 12 146 0 1 31 1 67 1 0 86 26 6 7 5 4 1 0 2 3 11 2
5 4 1 1 1 2 0 0 0 1 1 3 3 0 4 2 2 4 0 6 4 5 3 2 1 5 5 0 1 6 3 30 0 32 0 1 6 3 23 12 2 0 3 0 0 1 2 0 1 2 3 4 5 47 18 6 29 34 0 45 86 43 7 6 4 3 2 1 0 43 2 8 65 72 141 160 0 1 2 34 0 70 1 0 87 34 8 6 0 7 0 1 3 16 0 3
2 1 1 0 0 0 0 0 1 1 4 0 4 5 5 3 3 5 1 0 12 6 4 3 2 6 6 1 0 2 7 4 32 33 1 2 7 4 37 0 4 4 1 0 0 1 2 3 0 0 1 0 0 0 49 19 0 0 35 1 46 87 52 7 5 4 3 2 1 0 44 3 75 73 142 161 1 5 35 0 72 0 2 89 35 9 7 0 1 9 0 2 21 0 1 4
1 0 0 0 0 0 0 0 1 2 2 6 0 11 6 4 4 6 2 1 13 7 5 4 3 7 7 2 0 1 3 8 38 34 2 3 8 43 1 5 0 7 1 1 0 0 2 3 4 1 2 2 1 1 0 50 20 1 1 36 2 47 141 8 6 5 4 3 2 1 0 45 80 74 143 162 2 6 37 0 74 3 0 126 10 8 1 2 10 0 1 3 22 1 2 5
0 0 1 0 0 1 1 1 1 2 3 3 8 12 0 12 5 7 3 2 0 22 6 5 4 8 0 8 3 1 2 4 9 74 7 0 53 0 8 1 8 2 2 0 1 0 1 3 4 10 11 15 19 2 2 1 51 21 2 2 37 41 48 142 16 6 5 4 3 2 0 1 127 75 144 163 3 7 39 75 0 5 127 11 9 2 3 11 1 0 2 4 23 2 3 6
1 2 0 0 0 1 2 2 2 5 4 0 13 13 1 13 6 8 4 3 1 23 7 6 5 9 0 1 9 4 5 0 5 85 8 55 1 9 0 11 3 3 1 0 2 1 0 2 4 5 6 7 8 29 33 37 2 52 75 79 83 84 42 49 160 7 6 5 4 3 1 0 130 76 145 164 12 40 76 1 6 0 140 10 0 7 12 2 0 1 8 0 24 3 4 7
3 1 0 0 1 1 2 3 3 3 11 1 0 28 2 14 7 9 5 4 2 24 0 15 6 10 1 0 2 10 5 7 0 92 9 58 10 0 13 4 4 2 1 0 0 3 3 3 0 1 2 3 4 5 0 1 40 44 45 46 0 0 86 130 50 169 7 6 5 4 2 1 0 208 146 165 54 77 2 7 0 142 0 12 8 13 3 1 0 2 9 1 25 4 5 8
2 2 0 0 1 2 2 3 4 4 4 14 1 0 32 15 8 10 6 5 3 25 1 0 23 11 2 0 4 11 6 8 1 0 103 70 1 14 5 5 3 2 1 1 0 0 4 4 4 5 6 7 8 9 16 0 0 1 2 0 47 1 0 0 131 51 178 7 6 5 3 2 0 1 356 221 78 3 8 0 1 143 14 9 14 4 2 1 0 3 10 2 26 0 11 9
4 0 0 0 1 2 3 3 4 5 5 20 2 1 0 49 9 11 7 6 4 26 2 1 24 12 3 0 1 17 7 9 2 1 104 73 15 6 0 10 3 2 2 1 0 0 1 5 5 6 7 8 9 10 11 17 19 20 21 25 27 48 2 1 1 184 179 8 7 6 0 7 0 1 2 658 4 9 0 3 0 159 10 15 5 3 2 1 0 4 11 3 27 0 13 10
1 0 0 1 1 2 3 4 4 5 6 27 0 5 1 0 60 12 8 7 5 27 3 2 25 0 17 0 1 2 26 10 0 5 105 74 23 1 11 4 3 3 2 0 2 0 0 2 6 0 1 2 3 4 5 18 0 1 0 1 2 31 81 85 2 2 185 189 8 7 1 0 9 2 0 667 10 1 0 4 161 11 16 6 4 3 2 1 0 5 12 4 28 1 0 25
0 0 1 2 0 2 3 4 5 5 6 35 1 6 2 1 0 74 9 8 6 28 4 3 26 0 19 0 1 2 30 0 11 7 106 75 26 12 5 4 4 3 1 3 1 0 0 1 3 7 8 9 10 11 21 22 42 43 46 47 48 49 50 51 138 142 146 376 9 8 0 3 10 3 1 668 13 0 1 167 12 17 7 5 4 3 2 1 0 6 13 5 0 31 1 0
1 2 0 0 3 1 3 4 5 6 6 7 38 7 3 0 2 76 10 9 7 29 5 4 27 0 1 21 2 0 3 31 1 20 107 103 13 6 5 5 4 0 6 2 0 1 1 2 4 0 1 2 5 8 2 6 9 10 11 12 13 14 15 16 58 59 60 208 586 19 1 4 0 15 2 683 0 1 170 13 18 8 6 5 4 3 0 3 7 0 14 6 0 33 2 1
0 4 0 0 1 4 2 4 5 6 7 15 0 47 4 1 3 0 88 10 8 30 6 5 28 1 2 22 0 3 1 4 32 23 108 118 7 6 6 5 1 7 3 1 2 0 2 0 8 0 0 1 1 1 2 1 1 2 3 11 12 13 14 40 0 1 2 3 4 592 22 0 6 0 19 684 3 0 185 19 9 7 6 5 4 1 4 0 9 0 15 7 0 35 3 2
