examples/Input/flowacc_flow1.asc
ncols         834
nrows         571
xllcorner     422808.52371438
yllcorner     4832948.6261134
cellsize      3
NODATA_value  -9999
[rows 126 to 188 of 571, columns 672 to 767 of 834]
2 6 5 3 2 1 4 0 6 0 0 0 1 8 9 10 11 12 13 14 15 16 17 18 200 216 270 0 1 19 2 7 1 4 2 16 8 14 0 6 5 3 3 3 1 5 2 2 0 3 0 2 0 1 2 3 4 5 6 7 8 931 0 40 71 2 5 13 4180 4181 66 343 2 4 119 9 11 12 38 112 6 3 6 24 29 14 1 43 43 5 147 25 2 1 0 3
19 11 4 3 2 5 1 7 1 0 0 1 2 0 1 2 3 4 5 6 7 8 9 53 7 7 14 293 302 305 326 330 8 2 5 9 17 27 15 1 7 6 4 4 4 2 6 3 3 0 4 1 3 0 1 2 3 4 5 882 930 0 38 29 1 4 6 30 38 39 4222 4290 4638 5 120 10 12 13 39 113 7 4 7 25 30 15 2 44 44 154 26 3 2 0 0 5
1 0 4 3 21 14 11 2 1 0 0 1 0 1 2 3 4 9 10 11 12 13 42 6 6 5 6 6 1 10 13 28 360 370 374 375 386 0 28 16 2 8 7 5 5 5 3 7 4 4 1 7 10 4 5 6 7 870 875 46 2 36 28 0 3 5 29 6 16 35 47 59 88 4730 4858 11 13 14 40 114 8 5 8 26 31 16 3 45 45 155 31 3 1 0 1 0
0 5 4 25 2 1 0 2 1 0 0 1 2 0 1 2 3 0 1 12 22 27 5 5 4 5 5 0 7 1 13 6 14 22 30 38 39 427 429 489 507 511 521 587 609 639 640 645 681 699 721 724 725 737 822 830 861 3 45 1 32 25 1 2 4 28 5 15 17 10 10 27 1 1 2 4862 12 29 41 115 9 6 9 27 32 17 0 50 46 156 36 2 1 0 2 1
6 5 28 1 0 0 3 2 0 0 1 1 2 3 4 6 7 8 9 8 3 4 4 3 4 4 0 6 0 12 5 6 6 6 6 8 19 28 29 18 30 41 56 8 22 0 11 26 11 15 1 0 79 83 6 29 2 44 0 31 24 0 1 3 27 4 14 16 9 9 26 0 0 15 73 89 4953 4967 5040 116 10 17 0 28 33 18 1 51 47 157 40 2 0 1 3 2
6 29 1 0 1 4 3 1 1 0 0 2 2 3 0 0 2 4 7 2 3 3 2 3 3 3 4 2 11 4 5 5 5 5 7 9 7 9 17 10 9 13 7 10 10 9 13 10 14 0 75 77 2 5 28 1 4 38 30 0 22 0 2 26 3 13 15 8 8 25 4 8 14 56 14 9 10 11 67 5227 11 18 1 29 34 19 2 52 48 158 41 3 3 0 4 3
34 3 0 2 5 4 0 4 1 0 0 1 3 7 0 0 0 1 1 2 2 1 2 2 2 0 1 7 3 4 4 4 4 6 8 6 8 6 9 8 12 6 9 9 8 12 9 13 15 74 0 1 4 27 0 3 9 27 29 0 20 1 25 2 12 14 7 7 24 3 2 4 55 13 8 28 40 54 0 0 5252 5272 2 65 0 20 56 0 49 159 46 0 4 1 5 4
1 0 3 6 5 1 5 2 1 0 0 1 6 0 8 1 0 0 1 1 0 1 1 1 1 3 6 2 3 3 3 3 5 7 5 7 5 8 7 11 5 8 8 7 11 8 12 14 4 52 0 3 25 0 2 8 26 24 3 19 0 24 1 11 13 6 6 23 2 1 3 54 12 7 27 10 5 6 4 10 0 1 5278 66 1 21 57 1 50 160 47 1 5 2 6 5
0 0 18 6 13 10 3 2 1 0 0 3 0 7 1 9 2 0 0 0 0 0 0 0 0 1 1 2 2 2 2 4 6 4 6 4 7 6 10 4 7 7 6 10 7 11 13 3 8 42 2 0 23 1 7 25 23 2 8 9 23 0 10 12 5 5 22 1 0 2 53 11 6 26 9 4 5 3 4 2 4 5 6 5286 69 22 58 2 51 161 48 2 6 3 7 6
1 19 0 14 0 0 3 2 1 1 0 0 4 1 8 2 10 3 0 0 1 0 0 0 0 0 1 1 1 1 3 5 3 5 3 6 5 9 3 6 6 5 9 6 10 12 2 7 17 23 1 22 0 6 24 22 1 7 8 10 11 9 11 4 4 21 0 0 1 52 10 5 25 8 3 4 2 3 1 0 35 56 57 79 5367 5640 59 3 52 162 49 3 7 4 8 7
20 1 15 1 1 4 0 5 4 1 1 0 0 5 2 9 3 11 4 1 1 2 1 2 0 0 0 0 0 2 4 2 4 2 5 4 8 2 5 5 4 8 5 9 11 1 6 16 16 5 0 21 5 23 21 0 6 7 9 10 8 10 3 3 20 12 13 41 51 9 4 24 7 2 3 1 2 0 0 34 19 13 20 2 178 3 5707 5712 53 163 50 4 13 0 9 8
2 16 2 2 5 8 6 6 0 2 0 1 1 0 6 3 10 4 12 5 2 2 5 3 1 0 0 0 1 3 1 3 1 4 3 7 1 4 4 3 7 4 8 10 0 5 15 15 0 3 20 4 22 19 0 5 6 8 9 7 9 2 2 19 11 13 26 8 8 3 23 6 1 2 0 1 30 31 32 18 12 5 1 174 2 1 94 105 5832 6110 51 19 1 10 0 9
17 3 3 6 23 13 12 4 3 0 1 2 2 1 0 11 0 16 0 13 6 3 9 4 2 1 0 1 2 0 2 0 3 2 6 0 3 3 2 6 3 7 4 4 4 14 13 0 2 19 3 21 1 16 4 5 7 8 6 8 1 1 18 10 12 11 7 7 2 22 5 0 0 0 0 29 11 12 17 11 4 0 173 1 0 93 9 12 58 0 6164 6188 13 0 1 10
4 4 7 25 0 1 0 0 0 1 2 3 3 2 0 13 1 0 17 1 14 7 14 5 3 2 1 0 0 1 0 2 1 2 2 2 2 1 5 2 6 3 3 3 13 11 0 1 18 2 20 0 15 3 4 6 7 5 7 0 0 17 9 11 10 6 6 1 21 4 4 9 26 27 28 10 0 3 10 3 168 172 0 0 92 8 11 12 44 0 2 0 6189 15 2 11
5 8 27 0 3 0 1 1 0 2 3 4 4 3 1 0 16 1 18 0 17 0 23 6 4 0 5 1 0 0 0 0 1 1 1 1 0 4 1 5 2 2 2 12 5 4 0 17 1 8 10 14 2 3 5 6 4 6 3 15 16 8 10 9 5 5 0 20 3 3 3 15 3 6 9 0 1 9 2 167 2 1 83 90 7 10 11 13 29 0 0 1 52 6243 6263 0
9 28 0 4 0 2 0 2 1 3 4 5 5 4 0 2 1 19 19 1 0 19 24 7 5 1 6 3 1 0 0 0 0 0 0 1 3 0 4 1 1 1 11 4 0 2 16 0 7 9 13 1 2 4 5 3 5 2 10 3 7 9 8 4 4 11 19 2 2 2 14 2 1 1 4 6 8 1 166 1 0 80 5 6 9 10 12 28 24 25 45 48 0 40 78 6390
31 1 5 1 3 1 3 0 2 4 5 6 6 5 0 1 5 0 40 0 3 20 25 8 6 2 11 0 2 2 0 0 0 0 0 0 1 3 0 0 0 10 0 2 1 5 9 6 8 12 0 1 3 4 2 4 1 9 2 2 8 7 3 3 10 6 1 1 1 13 1 0 0 3 0 0 0 165 0 2 79 4 5 8 9 11 27 23 11 18 1 3 38 36 46 3
7 6 2 4 2 4 1 3 0 0 11 7 7 6 0 3 6 0 1 41 5 21 26 9 7 3 12 4 0 3 2 0 1 1 0 0 0 1 2 3 9 0 1 0 4 8 5 7 9 1 0 2 3 1 3 0 8 1 1 7 6 2 2 9 5 0 0 0 12 0 0 1 2 0 1 2 164 0 1 75 3 4 7 8 10 26 22 10 5 0 2 33 35 45 2 70
14 13 9 3 5 2 4 0 1 0 1 20 8 7 1 4 7 0 1 2 48 22 27 10 8 4 13 5 1 4 3 3 2 0 1 0 0 0 1 4 0 1 2 3 7 4 6 2 5 0 1 2 0 2 1 7 0 0 6 5 1 1 8 4 0 1 5 11 0 1 2 3 4 5 6 160 0 25 74 2 3 6 7 9 25 21 9 4 0 1 32 34 44 1 69 3
0 1 0 6 3 5 0 1 2 0 3 21 9 8 2 5 8 1 0 2 3 72 28 11 9 5 14 6 2 5 4 4 4 2 0 1 0 0 1 0 1 4 5 6 3 5 1 1 2 0 1 0 1 0 4 1 3 5 4 0 0 7 3 0 1 2 4 0 1 2 3 4 5 6 152 0 23 47 1 2 5 6 8 24 20 8 3 29 30 31 33 43 0 68 2 29
2 0 15 5 0 6 1 2 0 4 4 22 10 9 3 6 9 0 2 1 3 77 29 12 10 6 15 7 3 6 5 10 3 1 2 0 0 1 0 0 1 0 1 2 4 0 0 0 0 0 0 1 2 3 0 0 0 3 1 2 6 2 0 1 2 3 0 1 2 3 4 5 133 144 0 21 46 0 1 4 5 7 23 19 7 2 28 12 16 32 41 0 67 1 28 2
19 17 0 1 0 7 2 3 0 6 5 0 34 10 4 7 10 0 1 3 2 4 108 13 11 7 16 8 4 13 11 0 6 3 1 0 1 0 2 1 0 1 2 3 0 0 0 0 0 0 0 0 0 0 0 1 2 0 0 2 1 0 1 2 3 4 5 6 7 8 9 126 9 9 19 43 1 0 3 4 6 22 18 6 1 27 11 2 14 39 0 66 0 27 1 22
2 1 0 0 0 0 11 4 1 0 13 1 0 46 5 8 11 1 0 2 4 3 5 123 12 8 17 9 5 26 1 7 0 4 2 1 2 1 3 2 0 0 0 0 0 1 1 1 2 0 1 1 1 1 1 0 0 0 0 0 0 49 54 55 56 57 58 59 60 61 115 8 8 8 40 1 0 2 3 5 21 17 5 0 26 10 1 13 37 0 41 23 26 0 21 1
2 1 0 0 2 2 12 5 2 1 0 14 3 0 53 9 12 2 1 0 3 9 0 6 124 22 18 10 33 2 8 0 6 0 3 2 3 2 4 3 1 1 1 0 1 3 0 2 5 0 1 2 2 2 2 2 1 36 39 43 47 3 9 14 18 20 29 30 45 52 7 7 7 16 22 0 1 2 4 20 16 4 2 25 9 0 12 27 8 40 22 4 20 20 0 13
2 1 0 0 0 3 3 13 9 0 2 1 19 1 0 64 13 3 0 2 5 0 11 7 0 148 19 11 37 9 1 0 7 1 4 3 4 3 5 4 2 2 2 0 1 2 5 0 3 7 0 2 3 3 7 25 32 0 2 2 2 8 3 2 0 7 1 13 5 6 6 6 7 7 21 0 1 3 19 15 3 1 21 8 8 11 26 7 39 21 3 19 4 14 12 12
2 1 0 0 2 4 9 28 10 1 0 5 20 2 1 65 14 0 4 4 0 6 1 20 1 0 169 12 48 2 0 1 8 2 5 4 5 4 6 5 3 6 0 1 0 2 9 1 4 8 0 1 5 10 13 0 1 1 1 1 7 2 1 1 6 0 10 4 5 5 5 6 6 6 13 0 2 18 14 2 0 20 7 7 1 25 6 38 20 2 18 3 13 11 11 0
1 0 0 0 1 2 3 0 29 13 1 6 21 3 2 0 81 1 5 0 5 8 2 21 2 0 171 13 52 0 1 2 9 3 11 0 6 5 7 6 4 7 1 2 1 0 13 0 7 9 1 0 0 0 0 0 0 0 0 6 1 0 0 3 1 9 3 4 4 4 5 5 5 5 6 1 17 13 1 0 19 6 6 0 24 5 37 19 1 17 2 12 10 10 8 17
2 1 0 0 1 0 0 4 1 30 16 7 22 4 3 1 0 84 6 0 1 15 3 22 3 1 0 186 53 1 2 3 10 4 12 8 0 6 8 7 5 8 5 0 2 1 0 14 9 10 2 2 0 0 0 0 1 3 5 0 0 1 2 0 6 2 3 3 3 4 4 4 4 5 0 16 12 0 11 17 5 5 3 23 4 36 18 0 16 1 11 9 9 7 7 6
0 3 1 0 0 2 1 1 5 2 48 8 23 0 9 2 1 0 92 0 1 2 20 23 4 2 1 187 54 2 3 4 11 5 13 9 8 0 9 8 6 9 7 0 5 0 0 1 25 11 3 3 1 2 0 0 0 0 0 0 0 1 3 5 1 2 2 2 3 3 3 3 4 4 15 5 5 10 4 4 4 2 18 3 35 1 15 15 0 10 8 8 6 6 5 5
6 1 0 0 1 3 7 2 2 9 62 9 24 1 10 3 2 1 0 93 1 2 3 45 5 3 2 188 55 3 4 5 12 6 14 10 9 1 10 9 7 10 9 6 1 0 0 1 2 38 4 4 2 3 2 0 0 0 0 2 0 0 0 0 1 1 1 2 2 2 2 3 3 9 4 4 9 3 3 3 1 17 2 34 0 14 13 0 9 7 7 5 5 4 4 4
2 1 0 0 1 2 3 12 16 17 18 82 35 2 11 4 3 2 1 0 94 2 3 50 6 4 3 189 56 4 5 19 0 7 15 21 0 2 11 10 8 11 17 2 1 0 0 3 3 0 39 10 3 4 3 1 1 1 1 4 0 0 0 0 0 0 1 1 1 1 2 2 8 3 3 8 2 2 2 0 16 1 30 2 13 3 8 8 6 6 4 4 3 3 3 3
2 1 0 0 1 2 3 4 5 6 7 8 83 39 12 5 4 3 0 2 1 95 7 51 7 5 4 190 57 5 6 20 9 16 0 22 1 3 12 11 9 12 21 2 1 0 1 0 8 0 41 11 4 5 4 2 2 2 7 0 1 1 1 0 0 0 0 0 0 1 1 7 2 2 7 1 1 1 13 15 0 29 1 12 2 7 7 5 5 3 3 2 2 2 2 4
2 1 0 0 0 0 1 2 3 4 5 0 10 124 13 6 5 4 0 1 3 2 104 0 60 6 5 191 58 6 7 21 10 17 1 23 2 4 13 22 0 35 3 2 1 0 0 2 1 9 1 54 5 6 5 3 3 3 9 2 0 2 2 1 1 0 0 0 0 0 6 1 1 6 0 0 0 12 0 11 28 0 11 1 6 6 4 4 2 2 1 1 1 1 2 0
0 0 0 0 1 1 0 0 1 2 3 10 11 11 139 7 11 0 0 1 2 4 3 105 62 7 6 192 59 7 8 22 11 18 2 24 3 5 14 24 36 4 6 2 1 0 0 1 5 10 2 0 61 7 6 8 0 4 10 4 0 3 3 2 2 0 1 1 3 5 0 0 5 1 2 7 11 5 10 4 10 10 0 5 5 3 3 1 1 0 0 0 0 0 0 0
3 1 0 0 1 2 2 1 0 0 0 0 1 14 152 8 12 2 0 0 2 3 5 4 169 8 7 193 60 8 9 35 0 19 3 25 4 6 40 37 5 7 0 2 1 0 0 3 0 17 3 1 0 62 15 10 5 0 11 6 0 4 4 3 3 0 3 0 0 0 1 4 0 1 3 2 4 3 3 9 3 5 4 4 2 2 0 0 0 5 7 19 20 0 0 0
1 0 0 1 1 2 3 3 2 1 1 1 0 1 168 9 16 1 0 0 1 3 4 6 5 179 8 194 61 9 10 36 1 20 4 31 0 48 38 6 8 1 3 0 2 0 1 1 4 19 4 2 1 0 79 17 1 12 0 7 1 5 5 4 5 4 1 0 0 0 0 0 0 0 1 3 2 2 8 2 4 3 3 1 1 0 1 2 3 0 10 1 2 21 23 25
1 0 0 1 2 5 9 4 4 3 2 2 2 0 2 179 19 0 2 0 2 0 4 5 7 6 180 204 62 10 11 37 2 21 5 32 50 39 7 9 2 4 1 3 0 0 1 2 2 5 25 3 2 1 80 18 2 13 1 8 2 6 6 5 6 7 1 0 1 1 0 0 0 0 2 1 1 7 1 3 2 2 0 0 4 5 6 7 8 9 0 0 1 5 6 7
0 0 0 1 4 0 1 12 18 24 29 33 3 3 1 183 21 3 0 1 0 3 1 5 6 15 0 386 63 11 12 38 3 22 6 84 40 8 10 3 5 2 4 0 0 1 1 2 3 3 6 30 3 2 81 19 3 14 2 9 3 7 7 13 0 10 1 0 4 2 0 0 2 1 0 0 6 0 2 1 1 1 2 3 0 1 2 3 11 12 13 0 1 2 71 72
0 1 0 2 0 6 7 8 9 10 11 12 47 52 4 2 210 1 0 2 1 0 4 7 6 7 16 388 64 12 13 39 4 23 92 0 50 11 4 6 3 5 1 0 0 1 5 2 3 4 4 38 4 3 82 20 4 15 3 10 4 8 8 14 12 0 3 5 3 0 0 0 1 3 4 5 0 1 0 0 0 0 1 2 3 4 5 6 0 1 2 14 15 67 3 4
1 2 0 0 4 0 0 1 2 3 4 5 0 0 53 5 214 3 3 0 2 1 0 1 8 7 8 406 65 13 14 40 5 117 1 51 0 17 7 4 6 2 1 1 0 0 0 7 3 4 15 39 5 4 83 21 5 16 4 11 5 9 9 28 1 4 0 10 1 1 0 0 0 2 0 0 0 1 2 3 4 5 6 7 8 9 10 11 12 13 14 49 50 2 1 2
1 5 0 1 0 5 1 0 1 2 0 0 7 1 1 54 221 4 5 0 3 2 0 0 3 9 8 9 473 14 15 41 6 120 52 1 18 0 13 7 3 0 6 1 0 0 0 1 10 15 0 16 46 5 84 22 6 0 22 12 6 10 39 2 5 1 11 0 4 1 0 2 3 0 0 1 1 0 1 2 0 1 2 3 24 25 26 27 28 29 30 0 1 0 0 1
1 2 6 1 2 1 6 2 0 1 5 7 8 8 2 2 277 5 6 5 0 3 1 0 0 4 10 9 10 489 16 42 7 174 2 0 20 14 8 4 9 7 0 1 0 0 1 2 3 4 16 1 64 6 85 23 7 1 0 36 7 11 43 6 2 12 1 5 2 1 0 3 5 0 0 1 2 2 0 5 10 12 13 19 0 1 2 3 4 5 6 7 8 9 10 49
2 2 10 2 0 3 2 7 3 4 5 0 1 11 9 3 281 6 7 6 5 2 0 0 2 1 5 11 21 0 507 43 8 175 3 22 15 9 5 10 0 1 2 0 1 0 1 0 1 2 5 17 2 72 86 24 8 2 1 37 8 12 51 3 14 0 8 3 2 1 0 10 1 0 1 2 0 3 3 0 0 0 4 0 1 2 3 4 5 6 7 18 29 36 37 0
2 3 14 3 1 0 4 3 8 9 0 6 0 1 12 10 286 7 8 7 6 3 1 0 0 3 2 6 34 1 508 44 9 176 27 16 10 6 11 1 2 3 1 2 0 1 0 2 0 0 4 6 18 76 87 25 9 3 2 38 9 13 56 15 0 0 13 3 2 0 1 15 1 0 2 3 1 4 0 0 1 2 1 2 3 4 5 6 7 8 9 9 5 1 3 4
2 3 19 4 2 0 1 5 10 0 11 13 21 0 3 13 11 295 9 15 0 4 3 0 0 1 4 3 42 2 0 554 10 205 17 11 7 12 2 3 4 2 3 1 0 2 0 1 3 1 0 5 7 19 77 114 10 4 3 39 10 71 16 1 1 0 18 3 1 2 16 2 1 3 0 4 2 5 1 0 0 0 0 1 2 3 4 5 6 7 8 4 0 0 0 1
2 3 24 5 3 0 1 4 0 11 12 13 14 37 0 4 14 12 306 17 0 5 5 0 0 1 2 5 4 46 1 0 566 224 12 8 13 3 4 5 3 4 2 0 1 3 0 1 2 4 2 1 6 8 98 115 11 5 4 40 83 0 19 2 1 0 23 2 3 17 3 0 4 1 5 0 3 6 2 0 1 1 0 0 1 2 3 4 0 1 3 0 1 0 1 2
4 0 29 6 4 1 0 0 5 1 2 3 4 5 44 1 5 21 320 18 1 6 6 1 1 0 2 3 6 52 2 1 567 238 9 14 4 5 6 4 5 0 3 1 6 0 0 1 2 3 5 3 2 7 108 116 12 6 5 41 85 20 0 5 1 0 27 4 18 4 1 5 2 6 1 4 0 7 3 0 1 2 2 1 2 3 0 1 7 0 0 1 2 5 6 7
0 6 30 0 12 2 1 0 1 6 7 8 9 10 11 57 60 0 22 340 2 7 7 2 2 0 1 3 4 7 56 2 807 10 15 5 6 7 12 6 0 1 6 0 7 1 0 1 2 3 4 6 4 3 117 0 130 7 6 42 107 1 6 2 0 1 33 19 5 2 0 9 7 2 5 1 0 8 4 0 1 5 0 3 0 1 6 7 8 8 0 1 2 3 4 0
1 7 0 32 13 3 0 2 1 2 3 4 5 6 7 8 0 61 1 364 3 16 0 3 0 4 0 2 4 13 57 3 819 16 6 7 8 13 0 1 2 7 1 8 2 0 0 1 2 3 4 5 7 5 4 119 131 8 7 43 110 7 3 0 3 34 20 6 3 1 10 8 3 6 2 0 10 0 0 5 1 2 6 1 4 0 1 2 3 13 9 0 1 0 0 5
2 8 1 0 47 4 1 0 3 2 0 0 0 0 1 0 9 1 62 2 369 17 1 4 1 0 5 1 3 19 58 4 837 7 8 9 14 1 2 3 8 2 9 3 0 0 1 1 2 3 4 5 6 8 11 0 252 9 8 155 8 0 4 5 0 35 28 4 2 11 9 4 7 3 0 1 12 0 0 1 6 2 3 7 2 8 9 10 11 12 14 10 0 2 1 3
3 9 0 2 49 0 5 2 1 4 3 1 3 5 0 2 4 10 2 63 373 18 2 5 2 0 1 6 2 24 59 5 846 9 10 15 0 5 4 9 3 10 4 1 0 0 1 2 2 3 4 5 6 7 9 12 254 10 9 156 10 5 6 1 36 0 34 3 12 16 5 8 4 1 2 0 13 1 1 2 0 7 3 4 8 9 0 1 2 3 17 15 27 1 3 0
9 10 0 1 53 1 0 9 0 2 5 4 0 0 6 1 0 6 11 3 438 19 3 6 3 0 1 2 7 28 60 6 857 11 16 1 0 27 15 4 11 5 2 1 0 1 0 3 3 3 4 5 6 7 8 23 0 266 10 157 17 7 2 37 1 35 4 31 17 0 9 5 2 3 1 14 0 2 2 3 1 8 0 4 5 6 10 0 1 2 3 22 23 52 55 60
40 11 0 1 56 0 3 0 10 1 3 6 5 1 1 7 2 0 8 12 443 20 4 7 4 1 2 0 11 29 61 865 12 17 2 1 28 14 13 12 6 3 2 1 0 2 0 0 4 4 4 5 6 7 8 33 1 267 11 158 26 3 38 2 36 5 32 0 1 10 6 3 4 2 15 1 0 0 3 7 2 9 1 0 5 0 7 11 0 1 2 3 4 5 6 0
1 53 0 1 2 58 0 4 1 13 2 4 7 6 2 2 8 3 0 10 457 21 5 8 5 2 3 0 1 42 62 879 18 3 2 29 15 0 0 7 4 0 5 0 1 3 0 1 1 5 10 0 6 7 8 43 2 268 12 159 27 43 3 37 6 33 1 2 11 7 4 5 3 16 2 0 1 0 1 12 3 10 2 1 0 6 9 0 12 0 1 2 3 4 5 7
15 56 0 1 2 3 59 1 5 0 14 3 5 8 7 3 3 9 4 0 12 480 6 9 6 3 0 5 0 45 63 899 4 3 30 16 1 1 8 5 0 1 6 1 2 0 4 1 2 2 6 11 1 7 8 9 47 269 13 160 72 4 38 7 34 2 3 12 0 13 6 4 17 3 0 1 2 1 2 0 17 11 3 2 1 7 0 11 0 13 14 15 16 17 18 25
0 16 57 1 2 3 4 60 2 6 8 24 29 6 16 8 4 4 15 21 0 13 488 10 7 4 0 1 7 46 64 905 4 31 17 2 2 0 15 1 2 0 7 2 3 1 0 5 2 3 3 7 12 2 8 9 58 270 14 161 78 39 8 35 3 4 13 1 14 7 5 18 4 1 0 2 3 2 3 0 19 12 4 3 10 0 0 13 0 1 0 0 1 2 3 4
0 18 58 0 2 3 4 5 61 65 66 67 68 99 0 17 9 15 0 1 24 26 14 500 8 5 0 1 10 47 65 911 32 18 3 3 1 16 2 3 0 1 8 3 4 2 0 1 9 0 4 4 8 13 3 9 10 59 286 241 40 9 36 4 5 14 2 15 8 6 19 5 2 0 1 3 4 3 4 1 0 33 5 4 12 0 0 1 15 2 0 1 0 0 1 2
1 0 78 1 0 3 4 5 6 0 1 2 3 4 105 1 18 0 16 0 0 1 29 516 9 6 0 3 11 48 978 33 19 4 4 2 17 3 4 1 2 0 9 4 5 3 0 1 2 10 1 5 11 9 14 4 10 11 347 283 10 37 5 6 15 3 16 9 7 20 6 3 0 1 2 4 5 4 5 2 1 0 40 5 13 1 1 2 16 3 1 0 3 0 0 1
5 3 0 81 1 0 4 5 6 7 0 0 0 1 2 109 2 19 1 17 1 0 0 31 527 7 0 5 12 1028 34 20 5 5 3 18 4 5 2 3 1 10 0 0 5 6 5 2 0 3 11 2 0 22 0 15 5 11 360 284 49 6 7 16 4 17 10 8 21 7 4 1 0 2 3 5 6 5 6 3 2 1 0 47 14 2 2 3 17 4 2 1 0 4 1 0
1 6 5 0 84 1 0 5 6 7 16 1 1 2 3 4 115 3 20 2 18 2 1 0 32 536 1 6 1042 35 21 6 6 0 4 24 6 3 4 2 11 1 0 0 1 6 7 6 3 5 0 12 3 1 23 1 16 18 361 285 57 8 17 5 18 11 9 22 8 5 2 1 0 0 7 6 7 6 7 4 3 2 1 0 63 3 3 4 18 5 3 2 1 0 5 2
1 9 6 1 85 2 0 1 6 7 8 17 47 48 49 50 51 168 4 21 3 19 3 2 1 33 537 9 1043 36 29 7 1 5 0 32 4 5 3 12 2 0 1 0 1 2 7 8 11 0 6 1 13 4 2 24 2 36 362 286 67 18 6 19 12 10 23 9 6 3 2 1 0 1 0 15 8 7 8 5 4 3 0 2 65 4 4 5 19 6 4 3 2 1 0 6
30 12 7 2 86 0 4 0 2 7 0 26 0 1 2 3 4 5 175 181 204 209 230 235 3 2 34 548 1044 37 38 2 6 1 33 5 6 4 13 3 0 1 2 1 0 2 3 8 9 13 0 7 2 14 5 28 0 3 400 287 87 7 20 13 11 24 10 7 4 3 2 0 1 2 0 17 9 8 9 6 5 4 1 3 0 71 5 6 20 7 5 4 3 2 8 0
38 13 8 3 87 1 5 0 1 3 15 0 1 0 1 2 3 4 5 6 7 8 9 10 236 4 3 35 549 1083 42 7 2 34 6 7 5 14 4 1 2 0 3 2 0 1 7 0 9 10 14 1 8 3 15 6 29 1 405 376 8 21 14 12 25 11 8 5 4 3 0 1 2 3 0 1 28 9 10 7 6 5 2 4 1 0 78 7 21 8 6 5 4 3 9 1
