examples/Input/flowacc_flow1.asc
ncols         834
nrows         571
xllcorner     422808.52371438
yllcorner     4832948.6261134
cellsize      3
NODATA_value  -9999
[rows 441 to 503 of 571, columns 672 to 767 of 834]
628 1 33 8 1 0 2 9 3 2 0 1 2 3 11 2 0 1 11 58 90 6 43 86 23 1 11 5 3 3 4 1 1 0 0 0 1 2 10 11 18 22 0 1 2 3 163 164 165 210 50 4 16 48 16 0 58 11 18 5 20 17 29 8 30 4 28 30 1 0 45 54 72 5 5 0 1 3 27 7 13 1 20 2 20 9 1 16 1 16 1 0 10 20 2 6
629 36 9 2 0 3 10 4 3 0 1 2 3 4 12 0 4 0 14 59 91 7 44 111 2 12 6 4 4 5 0 2 1 0 0 1 4 6 3 5 2 0 1 2 3 4 5 6 7 8 220 272 278 17 49 17 1 59 12 19 6 39 0 30 9 31 5 29 33 0 1 46 55 73 6 6 3 0 4 28 8 16 0 21 3 21 10 2 19 17 2 0 12 21 3 0
630 47 3 1 4 11 5 4 0 1 2 3 4 5 13 0 6 1 0 75 92 8 45 112 16 7 5 5 6 5 3 2 1 1 0 0 0 2 0 1 0 1 2 3 9 11 13 14 15 16 17 43 44 324 343 50 69 2 60 74 20 7 40 32 0 10 32 6 30 34 1 2 47 56 74 14 0 5 0 5 29 26 0 1 22 4 22 14 0 38 3 1 13 0 22 4
631 52 2 5 12 6 5 1 0 0 5 4 5 6 14 1 7 0 2 1 169 9 46 113 25 6 0 13 6 0 3 7 4 1 0 0 0 0 0 0 1 2 3 4 0 0 0 1 2 3 24 0 1 5 7 352 353 424 428 429 505 527 577 0 33 1 11 33 7 31 35 2 3 48 132 0 15 7 0 1 6 30 27 3 0 23 5 23 16 0 43 2 14 1 0 23
632 56 6 31 17 9 2 1 0 0 1 6 5 6 7 17 8 0 1 5 0 180 47 140 7 1 14 7 1 4 8 1 0 1 1 0 0 0 0 0 1 2 3 4 5 11 13 14 15 19 0 1 2 0 5 6 7 8 9 10 11 12 13 593 0 34 2 12 34 8 32 36 3 53 0 133 1 24 1 0 2 7 59 0 4 1 24 6 24 18 0 47 15 2 0 1
633 64 35 2 1 0 2 1 1 0 0 2 13 0 7 26 9 1 2 6 0 1 229 149 2 15 8 2 5 9 3 0 2 2 1 1 0 0 1 1 0 1 2 3 4 0 0 1 2 0 1 2 3 4 0 56 57 58 59 60 61 62 141 142 737 739 35 3 13 35 9 33 37 4 54 1 134 2 25 2 1 3 68 1 0 5 2 25 32 19 1 48 16 3 1 2
699 36 0 0 0 3 2 2 0 1 1 0 3 14 1 35 10 2 0 3 8 0 232 153 16 9 3 22 15 4 0 3 3 2 2 1 0 0 3 0 2 3 4 5 6 7 39 40 43 44 50 51 52 53 54 0 1 2 72 75 76 77 0 1 2 3 740 777 4 14 36 10 34 38 5 55 2 135 3 26 5 0 4 69 2 7 3 0 26 53 2 0 66 4 2 3
37 1 1 1 4 3 3 1 0 2 2 0 1 4 15 2 47 3 1 4 9 1 0 404 10 4 23 0 2 1 4 4 3 3 2 1 0 0 2 7 9 15 18 19 25 30 0 1 3 4 2 3 4 5 6 7 8 68 1 1 3 4 5 6 7 8 13 14 793 869 885 37 11 74 0 6 56 3 136 4 27 7 0 5 70 3 8 4 1 81 3 1 0 72 3 4
2 2 2 5 4 4 2 0 1 3 3 1 2 0 5 16 3 52 2 5 10 2 1 416 5 24 1 3 0 5 5 4 4 3 2 1 0 0 0 1 4 1 2 4 3 0 1 2 0 1 0 1 2 3 4 5 58 0 0 0 0 1 2 3 4 5 6 65 69 0 1 888 927 940 1016 1 7 57 4 137 33 0 8 1 6 71 4 9 5 84 4 2 1 73 4 5
3 3 18 11 5 3 1 0 2 4 4 2 3 0 1 6 17 57 3 6 11 3 2 423 25 2 4 1 6 6 5 0 9 3 2 1 1 0 0 1 0 1 0 2 0 1 2 3 4 5 6 7 8 9 49 51 0 1 2 3 4 5 6 7 8 9 57 2 1 2 3 4 5 6 7 1025 1028 8 58 143 0 34 1 9 2 7 72 5 10 6 90 3 2 74 0 11
4 19 0 8 7 2 0 1 3 5 5 3 4 0 1 2 7 76 4 7 12 4 427 26 3 5 2 15 7 6 1 10 4 3 2 0 3 0 0 0 0 0 1 0 1 2 3 4 5 6 7 8 9 38 0 0 7 10 11 12 13 14 15 16 17 46 1 0 0 1 2 3 4 5 6 7 8 1049 1059 1119 144 1 35 12 0 3 8 73 6 11 7 95 3 75 1 0
20 1 9 0 0 1 0 2 4 6 6 4 5 1 2 0 3 85 5 8 13 433 27 4 6 3 16 8 7 2 11 5 4 3 0 5 1 1 1 0 0 0 1 2 3 4 5 6 7 8 16 18 27 1 2 5 1 1 3 4 5 6 7 8 27 0 0 1 2 3 4 5 6 7 8 9 10 0 1 61 1182 1328 2 36 13 1 4 9 74 7 12 8 100 76 2 1
2 10 1 1 2 1 0 0 8 7 7 5 6 2 3 1 0 4 92 9 14 462 5 7 4 17 9 0 3 12 6 5 4 0 7 2 0 4 1 0 1 0 0 0 1 2 3 4 5 6 0 7 0 0 1 0 0 0 0 1 2 3 4 17 0 1 2 3 4 5 6 7 8 9 10 55 56 57 58 0 1 2 1332 3 37 16 0 6 10 75 21 0 110 77 3 2
11 2 2 3 2 1 0 0 1 9 16 6 7 3 4 2 1 5 93 10 15 469 8 5 18 10 1 4 13 7 6 5 1 0 11 1 5 0 2 1 3 0 0 1 0 1 2 3 4 5 6 0 1 2 3 4 5 6 7 8 9 10 11 0 1 2 3 4 5 6 7 8 9 10 43 0 1 2 3 4 5 6 7 1341 4 1413 0 0 7 11 98 1 0 189 4 3
3 3 4 3 2 0 1 1 0 12 0 17 15 4 5 3 2 6 0 105 16 479 6 19 11 2 5 14 8 7 6 2 1 0 14 6 0 1 3 2 5 0 1 0 2 3 4 5 6 7 8 9 10 11 12 13 14 15 16 17 18 19 20 21 22 23 24 25 26 27 28 29 30 31 0 1 2 3 4 5 6 7 8 9 1352 0 1414 1 3 24 0 99 3 190 5 4
4 5 4 3 0 1 2 2 1 0 13 19 16 5 6 4 3 7 1 106 17 487 20 0 15 6 15 9 8 0 10 2 1 0 15 8 0 2 7 0 7 0 0 2 1 0 1 2 3 4 5 0 0 0 1 2 3 4 5 6 7 8 9 10 11 12 13 14 15 16 17 189 190 191 192 193 194 195 196 0 1 2 3 225 226 0 2 1415 1416 0 25 1 100 195 6 5
6 5 4 0 0 3 6 0 2 0 1 14 37 6 7 5 4 8 2 107 18 509 1 16 7 16 10 9 1 11 0 5 1 0 16 9 1 11 0 9 0 2 0 0 3 2 3 4 5 6 7 19 21 23 24 25 26 27 61 62 63 64 65 66 67 68 69 70 71 72 170 0 1 2 3 4 5 6 7 205 206 207 220 0 1 229 230 234 235 1653 1 26 2 297 7 6
13 0 6 0 1 4 8 0 3 1 2 0 53 7 0 14 5 0 12 108 529 0 19 8 17 11 13 2 12 1 6 2 1 0 17 12 0 12 1 11 3 0 1 1 0 4 0 1 2 3 4 0 12 13 25 26 27 32 0 1 2 3 4 5 6 7 8 9 10 96 0 1 2 3 4 5 6 7 8 9 10 11 0 1 2 3 4 5 6 7 1662 1665 27 301 0 8
15 7 0 1 2 5 10 0 4 2 3 0 55 8 1 15 6 0 14 639 1 20 9 18 12 14 0 13 2 7 3 0 2 1 18 14 13 0 14 0 5 0 2 2 1 0 5 6 7 8 9 10 0 10 1 2 3 0 1 2 3 4 5 6 7 8 9 10 84 0 1 2 3 4 5 6 7 8 9 10 11 0 1 2 3 4 5 6 7 8 9 10 1677 1706 302 10
24 1 0 2 3 17 1 0 5 7 0 0 1 56 11 16 7 1 15 642 21 10 19 13 15 1 14 3 8 4 1 3 0 21 0 15 15 15 1 0 6 4 0 3 2 1 0 0 1 2 3 7 8 0 5 7 8 9 10 11 12 13 14 15 16 17 70 72 0 1 2 3 4 5 6 7 8 9 10 11 12 25 26 27 0 1 2 3 4 5 6 7 8 9 1717 303
25 2 1 3 4 18 2 1 6 8 1 1 0 2 69 17 8 2 16 665 11 20 14 16 2 15 4 9 5 2 4 1 22 0 17 16 16 0 2 1 7 5 1 0 7 2 1 0 0 1 2 0 1 4 0 0 1 2 3 4 5 6 7 8 9 51 0 0 1 2 3 4 5 6 7 8 9 10 11 12 13 14 15 0 29 0 1 2 3 4 5 6 7 8 9 1728
26 3 2 4 5 19 3 2 7 9 2 2 1 3 0 88 9 3 17 716 37 15 17 3 16 5 10 6 3 5 2 23 1 18 0 34 0 1 3 2 8 6 2 1 8 3 2 0 1 0 0 0 1 0 1 2 3 4 5 6 7 8 9 10 40 0 1 2 3 4 5 6 7 8 9 10 11 12 13 14 15 16 17 34 35 66 67 68 69 70 71 72 73 74 75 76
27 4 3 5 6 20 4 3 8 10 3 3 2 4 1 0 99 4 735 0 0 18 4 17 6 0 18 0 10 0 3 26 19 0 36 0 1 2 4 3 9 7 3 2 9 0 7 1 0 2 2 0 0 0 0 0 1 2 3 4 5 6 7 28 0 1 2 3 4 5 6 7 8 9 10 11 12 0 1 2 3 4 5 6 7 0 1 2 3 4 5 6 7 8 9 10
28 5 4 6 7 21 5 4 9 11 4 4 3 5 2 1 0 105 737 1 19 5 18 7 1 19 0 12 1 0 4 47 1 0 37 1 2 3 5 4 18 4 0 3 11 0 8 2 0 1 6 1 0 1 1 3 4 5 6 7 8 9 19 0 1 2 3 4 5 6 7 8 9 10 23 24 25 39 40 41 42 43 44 45 46 55 207 215 225 260 262 263 266 287 288 289
29 6 5 7 8 22 6 5 10 12 5 5 4 6 3 2 1 106 740 0 26 19 8 2 20 1 13 2 1 5 0 48 3 0 38 2 3 4 6 5 24 1 0 16 0 1 9 0 3 3 7 0 2 1 2 0 1 2 5 6 7 8 0 1 2 3 4 5 6 7 8 9 10 11 0 1 2 3 4 5 6 7 8 101 145 150 6 8 33 0 0 1 19 0 1 2
30 7 6 8 9 23 7 6 11 13 6 6 5 7 4 3 2 107 741 28 20 9 3 21 0 16 3 0 2 7 0 49 4 1 39 3 4 5 7 6 27 0 18 0 1 2 10 1 4 0 12 0 1 3 2 3 0 1 0 1 2 3 4 5 6 7 8 9 10 11 12 13 14 15 16 17 18 19 20 21 69 87 91 42 3 5 7 32 0 8 10 18 3 6 8 47
31 8 7 9 10 24 8 7 12 14 7 7 6 8 5 4 3 850 0 61 10 4 22 1 17 4 1 3 0 8 1 50 5 2 40 4 5 6 8 7 28 1 19 1 2 3 11 7 0 1 13 0 3 0 4 3 4 0 0 1 0 0 0 1 2 3 4 5 6 7 8 9 18 20 22 24 41 44 45 46 16 2 41 2 4 6 31 5 6 0 6 2 1 0 37 0
32 9 8 10 11 25 9 8 13 15 8 8 7 9 6 5 4 851 63 0 5 23 2 18 5 2 0 5 0 0 11 51 6 3 41 5 6 7 9 8 29 2 20 2 3 4 12 8 3 0 14 0 5 1 0 5 9 1 0 0 3 1 1 0 0 1 2 3 4 5 6 7 0 0 0 15 1 1 3 15 1 40 1 3 5 30 4 0 1 5 1 0 0 36 0 1
2669 43 9 11 12 26 10 9 14 16 0 18 8 10 7 6 5 916 1 6 24 3 19 6 3 1 0 6 2 0 12 52 7 4 42 6 7 8 10 9 30 3 21 3 4 5 13 9 4 1 15 1 0 8 1 6 10 0 2 1 0 5 2 2 4 5 6 7 8 9 10 11 12 13 14 0 0 0 10 0 39 0 2 4 29 3 0 1 2 0 0 1 34 0 1 2
108 2779 54 12 13 27 11 10 15 17 1 0 28 11 8 7 6 919 7 25 4 20 7 4 2 1 0 10 1 0 13 0 61 5 43 7 8 20 0 10 35 0 22 4 5 6 14 10 5 2 16 0 3 9 2 7 11 1 0 3 2 3 10 14 15 16 17 18 0 1 2 3 4 5 6 7 8 9 0 38 0 1 3 28 2 2 3 4 5 6 30 31 0 1 2 3
4 13 2794 2863 14 28 12 11 16 18 2 1 29 12 9 8 927 8 26 5 21 8 5 0 3 2 1 13 1 0 0 15 62 6 44 8 9 22 0 11 36 1 23 5 6 7 15 11 6 3 17 1 4 10 3 0 8 12 2 1 4 0 1 2 3 4 5 6 26 27 28 29 30 31 32 33 34 35 36 0 1 2 27 1 1 1 2 3 4 22 0 1 2 3 4 5
7 9 17 26 2897 2942 13 12 17 19 3 2 30 13 10 937 9 27 6 22 9 6 0 1 4 3 16 0 2 2 0 16 0 70 45 9 33 1 0 12 37 2 24 6 7 8 16 12 7 4 18 2 0 16 4 1 0 9 13 3 2 5 6 7 8 9 10 11 12 13 14 15 16 17 18 19 20 21 22 23 24 26 0 0 0 4 6 7 16 0 1 2 3 4 5 6
8 6 7 5 8 10 2968 0 31 20 4 3 31 0 25 948 28 7 23 10 7 1 2 0 9 0 18 0 3 3 1 17 1 0 117 10 36 0 1 13 38 3 25 7 8 9 17 13 8 5 19 3 1 17 5 2 0 1 10 18 0 3 0 1 2 3 4 5 6 7 8 9 10 11 12 13 14 15 16 17 0 0 1 2 3 0 5 7 1 2 3 10 13 14 15 22
5 6 4 7 0 14 23 2994 32 21 5 4 32 1 26 987 8 24 11 8 2 3 1 10 0 1 19 1 4 4 2 18 2 1 0 129 38 2 0 14 39 4 26 8 9 10 18 14 9 6 20 4 2 18 6 0 3 3 11 0 19 1 6 0 0 1 0 1 2 3 4 5 6 7 8 9 10 0 0 0 19 0 1 2 3 4 0 0 0 1 5 1 0 1 5 14
5 3 6 4 13 7 0 12 3011 3067 6 5 33 29 988 0 25 12 9 3 4 2 11 1 2 0 20 2 5 5 3 19 3 2 1 130 42 1 0 15 40 5 27 9 10 11 19 15 10 7 21 5 3 19 7 0 1 4 16 1 0 20 0 7 1 0 3 0 0 1 2 3 4 5 0 0 0 11 1 1 2 20 0 1 2 3 0 0 1 2 0 0 1 2 13 8
2 5 3 7 6 6 10 2 1 2 3078 6 34 1019 1 26 13 10 4 5 3 12 2 0 4 21 0 3 6 6 4 20 4 3 2 131 43 2 17 0 41 6 28 10 11 12 0 36 11 0 30 6 4 20 8 1 0 2 5 19 0 1 23 1 8 2 0 4 1 0 1 2 3 0 6 1 3 1 12 2 0 24 0 0 1 0 4 1 2 3 4 5 6 12 7 3
4 2 6 5 5 2 1 0 0 1 42 3122 42 1020 29 14 11 5 6 4 13 3 0 6 0 22 1 4 7 7 5 21 5 4 3 132 44 3 18 43 0 7 29 23 0 13 1 37 12 0 32 7 5 21 9 2 0 1 3 26 0 1 2 27 2 9 3 5 5 2 3 0 0 4 1 7 0 5 2 16 3 1 26 0 0 2 1 7 0 1 2 3 4 6 2 1
1 5 4 4 1 0 0 1 2 39 0 1 3125 1094 15 12 6 7 5 14 4 0 8 0 1 23 7 0 8 8 6 28 5 0 4 133 45 4 19 44 9 0 54 1 14 0 2 38 13 0 34 8 6 22 14 0 1 0 2 4 27 1 2 3 32 3 10 0 6 6 0 4 1 1 5 2 8 0 7 0 17 22 29 0 1 1 3 0 8 0 1 2 5 1 0 1
4 3 3 0 0 1 2 31 35 0 1 2 3 4225 29 7 8 6 0 20 0 10 0 1 2 24 9 9 0 9 7 35 0 1 5 134 46 25 0 55 1 0 57 15 0 4 0 39 0 15 35 0 16 38 0 0 0 2 1 5 5 28 29 30 31 65 70 82 84 92 100 102 5 2 2 6 3 9 0 9 11 0 23 30 1 2 2 4 1 9 0 1 0 0 0 0
2 2 0 1 2 3 27 2 0 1 2 3 4 5 4256 17 7 1 21 0 12 0 3 3 25 0 10 10 11 0 8 36 3 0 6 135 47 27 56 2 1 0 58 16 6 1 0 41 0 0 52 1 56 1 0 1 0 1 3 0 6 6 0 1 2 3 4 5 6 7 8 9 113 120 3 3 7 4 15 0 0 12 1 24 31 2 3 3 5 2 13 0 0 0 1 0
1 0 1 2 3 22 1 0 1 2 3 4 5 6 13 4283 2 0 23 13 0 5 4 26 1 0 11 11 12 1 9 37 4 8 0 136 76 57 3 2 0 1 59 24 2 1 0 42 1 1 0 55 57 3 0 2 0 3 0 4 1 7 7 0 1 2 3 4 5 6 7 8 9 10 132 137 142 151 0 16 1 1 13 2 25 32 3 4 4 6 0 14 1 1 1 2
0 1 2 3 17 0 0 1 2 3 4 5 6 7 8 23 4287 1 38 1 6 0 32 2 1 12 0 12 13 2 48 0 5 9 1 214 58 4 3 1 0 2 60 28 2 1 43 0 2 2 1 56 58 5 0 3 1 0 4 1 5 2 16 0 0 1 2 3 0 1 2 3 4 5 6 7 8 9 162 1 17 2 2 14 3 26 33 4 5 5 7 1 17 2 2 2
1 2 3 12 1 2 3 4 5 30 31 32 33 34 35 71 96 4329 2 7 1 33 3 2 13 0 1 13 14 3 50 6 10 0 217 59 5 4 2 1 3 0 61 32 2 44 1 0 3 3 2 57 59 6 1 4 2 0 1 5 2 6 20 1 0 0 0 0 4 0 1 2 3 4 5 6 7 8 9 173 176 18 22 3 15 4 27 34 5 12 0 8 0 18 6 0
0 1 7 0 2 4 6 22 23 0 1 2 3 4 34 0 1 4432 8 2 34 4 0 3 14 3 0 14 15 4 58 11 1 218 60 6 5 3 2 4 1 62 0 0 81 2 0 1 0 8 3 58 0 67 2 5 0 4 0 2 6 10 0 23 0 1 2 0 1 5 0 1 2 3 4 5 6 7 8 9 10 188 0 24 4 16 5 28 41 0 14 0 9 11 19 7
3 4 0 1 0 0 14 0 1 2 3 19 27 28 0 1 2 3 4445 35 5 0 5 0 15 4 16 0 16 5 71 2 219 61 7 6 4 3 5 2 63 1 0 0 83 4 0 2 1 9 4 59 1 68 3 6 0 6 0 1 3 18 1 0 25 0 2 3 1 2 6 7 8 9 10 11 12 37 42 45 46 47 237 238 286 292 17 6 29 42 16 0 1 0 12 20
4 5 6 7 12 13 0 8 10 12 14 6 2 5 6 7 8 9 4496 6 0 1 7 0 16 5 17 18 0 6 75 220 62 8 7 5 4 6 3 64 2 1 0 1 0 89 1 3 2 10 5 60 2 69 0 11 1 0 7 1 2 4 21 1 0 27 0 3 4 2 3 4 5 6 7 8 23 3 1 0 1 2 3 21 3 4 304 323 331 30 60 0 1 2 1 15
0 1 2 3 3 5 6 0 0 0 5 1 1 1 3 4 5 6 7 4504 1 2 8 1 23 0 18 20 0 7 297 63 9 8 6 5 7 4 0 68 2 1 0 2 1 0 92 4 3 11 6 61 3 70 1 0 14 1 8 0 2 8 22 2 1 0 29 0 4 5 3 0 1 2 3 13 2 0 0 1 2 3 16 2 2 5 1 2 19 354 386 449 2 0 3 0
0 0 1 2 0 0 1 2 3 4 0 0 0 0 0 1 2 3 4 4518 2 3 9 2 24 1 19 22 8 298 64 10 9 7 6 8 5 1 69 0 5 0 1 3 2 1 0 98 4 12 7 62 4 71 2 1 0 17 9 1 0 3 32 3 2 1 0 31 0 5 6 4 5 6 8 1 0 1 2 3 4 11 1 1 1 0 0 15 1 3 6 9 460 486 0 4
0 0 0 1 2 3 4 5 6 7 8 9 10 11 17 18 19 20 21 22 4522 4 10 3 25 22 23 9 0 364 11 10 8 7 9 6 2 0 71 6 0 1 2 4 3 2 1 99 5 13 8 63 5 72 3 2 0 19 10 2 0 1 37 4 3 2 1 32 1 0 6 7 0 0 0 0 1 2 3 4 5 0 0 0 0 1 13 0 2 1 1 17 20 0 488 490
1 0 0 0 1 2 3 4 5 0 1 2 3 4 0 1 2 3 4 5 29 4528 11 4 49 24 10 0 1 377 11 9 8 10 7 3 0 1 72 7 1 2 3 5 4 3 2 100 6 14 9 64 6 73 4 3 1 20 0 14 0 1 2 46 4 3 2 33 2 0 1 15 1 0 0 0 1 2 3 4 5 6 7 8 9 10 0 1 0 0 16 1 0 1 2 6
1 1 0 0 0 1 2 3 4 11 12 13 14 15 16 17 18 19 20 21 22 53 4541 55 25 11 1 0 2 378 22 9 11 8 4 0 1 2 73 8 2 3 4 6 5 4 3 108 0 15 10 65 7 74 5 4 2 21 0 16 1 2 0 0 47 9 3 34 0 3 3 16 2 1 0 1 2 3 4 5 6 7 8 9 10 11 12 13 14 15 0 0 0 1 2 4
2 3 0 1 0 0 1 2 3 4 0 1 2 3 4 5 6 7 8 9 10 11 66 4598 38 2 1 3 0 379 33 12 9 5 0 1 2 3 74 0 12 0 9 7 6 5 4 109 1 16 11 66 8 0 81 5 3 22 1 0 19 3 0 1 49 10 4 35 1 0 8 17 3 2 1 0 0 1 2 3 4 5 6 7 8 9 10 11 12 13 14 0 1 2 3 0
0 4 1 2 1 0 0 1 2 0 5 0 1 2 3 4 5 6 7 8 9 10 11 4678 42 2 4 0 381 34 13 10 6 1 0 2 3 4 75 1 0 13 11 8 7 6 5 110 2 17 0 79 9 0 83 6 4 23 0 3 0 24 0 1 2 61 5 36 2 1 0 27 4 3 2 1 0 0 0 1 2 0 0 0 1 2 3 4 5 6 7 23 25 26 27 28
1 5 2 3 2 1 0 0 0 4 1 6 7 0 1 2 3 4 5 6 7 8 9 10 4722 8 1 382 35 14 11 0 9 1 0 3 4 5 76 2 0 1 26 9 8 7 6 111 3 18 1 0 90 1 84 7 5 24 1 0 5 0 25 1 2 65 6 37 3 2 1 28 5 4 3 2 0 1 1 0 0 3 2 0 0 1 2 3 4 5 0 1 2 3 4 5
2 6 3 4 3 2 1 0 1 2 5 2 3 12 13 14 15 16 17 18 19 20 21 33 46 5165 383 36 15 12 1 0 12 1 0 4 5 83 3 0 0 1 2 37 9 8 7 112 4 19 2 0 92 2 85 8 6 25 2 1 6 0 1 26 2 69 7 38 4 5 0 29 6 5 4 3 1 0 2 6 8 0 8 1 0 1 0 1 2 3 10 11 12 13 14 15
3 7 4 5 4 3 2 0 1 0 3 6 0 1 2 3 4 5 6 7 8 9 10 0 0 5166 37 16 13 2 1 13 0 3 0 11 84 4 0 0 1 1 2 41 10 9 8 113 5 20 3 1 0 93 89 9 7 26 3 2 7 0 1 2 27 73 8 44 0 6 1 30 0 13 5 4 2 0 2 3 4 14 24 0 2 0 2 3 4 5 6 7 8 9 10 16
4 8 11 0 5 4 3 1 2 0 1 4 7 8 9 10 11 12 0 0 1 0 0 0 0 1 5222 14 3 2 14 1 4 0 1 97 5 1 0 0 1 2 2 45 11 10 9 114 6 21 4 2 1 0 184 10 8 27 4 3 0 8 3 0 3 102 9 45 1 9 0 31 1 14 6 5 3 0 1 2 3 4 30 0 1 3 1 0 1 2 0 1 2 3 4 0
5 21 0 1 6 5 4 2 3 1 2 0 5 0 0 1 2 3 17 19 20 23 1 1 1 3 5238 4 3 15 2 5 1 2 0 104 2 0 0 1 1 2 3 49 12 11 10 115 7 22 5 3 2 1 0 185 20 28 5 4 1 0 13 1 0 107 10 46 2 10 1 32 2 15 7 10 0 0 0 0 0 1 0 31 1 2 4 2 0 1 3 0 1 2 3 4
6 23 2 0 7 0 11 3 4 2 0 4 6 0 1 0 0 1 2 3 4 0 25 2 2 2 5248 4 16 3 6 2 0 4 105 3 1 0 0 1 2 2 7 50 13 12 11 116 8 23 6 4 3 2 1 0 207 29 6 5 2 0 1 14 2 1 119 47 3 11 2 33 3 16 8 12 0 0 1 1 3 0 3 1 32 2 3 5 3 4 7 4 0 0 0 0
7 24 3 1 8 1 0 16 5 3 1 0 12 0 1 2 1 0 1 2 0 6 7 34 3 3 5252 22 4 0 7 3 6 106 4 2 0 1 0 1 2 6 8 51 14 13 12 117 9 24 7 5 4 3 2 1 0 208 30 13 3 0 1 2 15 5 120 48 4 12 3 34 4 26 13 0 0 2 2 0 0 5 6 11 2 33 3 4 6 7 8 8 5 1 1 3
8 25 4 2 9 2 1 17 6 4 2 0 14 0 3 0 3 2 0 0 4 0 1 2 38 4 5280 0 6 8 0 4 114 5 3 0 1 2 0 1 2 10 9 52 15 14 13 118 10 25 8 6 5 4 3 2 0 1 240 14 4 0 1 2 19 6 121 49 5 13 39 5 27 14 0 0 2 3 0 3 1 2 3 4 17 3 34 4 5 6 7 17 9 6 2 0
9 26 5 3 10 3 2 0 18 12 0 4 15 0 1 4 5 0 3 1 2 5 0 0 1 41 5 5289 9 1 5 0 115 10 0 1 2 0 3 1 5 11 10 0 69 15 14 119 11 26 9 7 6 5 4 3 0 1 243 15 5 0 1 2 23 7 122 0 56 14 40 34 0 16 0 1 3 0 4 1 4 0 1 2 3 18 4 35 5 0 1 2 21 10 7 3
10 27 6 4 11 4 3 1 0 32 1 5 16 1 0 7 0 6 1 6 0 3 6 1 0 1 44 5296 10 8 1 0 127 0 1 2 3 1 0 6 0 18 11 0 71 16 15 120 12 27 10 8 7 6 5 4 1 2 0 260 6 0 1 5 0 32 123 1 0 72 41 36 17 1 0 2 0 5 5 2 0 5 6 7 8 13 19 5 36 43 0 1 2 22 11 8
