examples/Input/flowacc_flow1.asc
ncols         834
nrows         571
xllcorner     422808.52371438
yllcorner     4832948.6261134
cellsize      3
NODATA_value  -9999
[rows 504 to 566 of 571, columns 0 to 95 of 834]
-9999 -9999 -9999 -9999 -9999 -9999 -9999 -9999 -9999 -9999 -9999 -9999 -9999 -9999 66 6 7 89 33 31 0 83 17 4 3 2 1 0 98 10 9 8 7 6 5 4 3 2 1 0 11 5 4 1 0 0 1 4 5 6 7 8 0 16 61 0 63 64 94 95 96 100 120 121 30 13 1 8 17 3 17 34 1 22 0 180 27 3 0 3 0 4 0 3 0 20 10 160 12 10 9 8 7 6 4 0
-9999 -9999 -9999 -9999 -9999 -9999 -9999 -9999 -9999 -9999 -9999 -9999 -9999 -9999 -9999 99 90 0 92 91 89 4 3 2 1 0 0 99 9 8 7 6 5 4 3 2 1 0 0 16 3 2 1 0 0 0 1 0 1 8 9 12 14 0 1 62 26 28 0 1 2 18 23 29 12 0 7 16 2 16 33 0 1 19 26 152 16 5 2 1 0 3 1 0 19 2 6 141 17 11 9 8 7 6 5 3
-9999 -9999 -9999 -9999 -9999 -9999 -9999 -9999 -9999 -9999 -9999 -9999 -9999 -9999 -9999 100 1 93 6 5 4 3 2 1 0 1 111 10 7 6 5 4 3 2 1 0 0 26 24 6 5 4 3 2 0 0 0 1 5 0 1 0 0 1 24 25 0 0 1 2 17 22 4 2 8 6 15 1 15 30 1 0 18 0 24 151 3 11 4 1 0 2 0 18 1 5 0 34 104 16 10 8 7 6 5 4
-9999 -9999 -9999 -9999 -9999 -9999 -9999 -9999 -9999 -9999 -9999 -9999 -9999 -9999 -9999 103 108 13 5 4 3 2 1 0 131 128 15 14 5 4 3 2 1 0 2 1 32 4 3 2 1 0 0 2 1 0 0 2 0 1 2 12 16 21 4 5 0 8 10 13 21 3 1 7 5 14 0 14 1 27 0 16 0 22 0 150 0 1 10 3 0 1 12 4 0 4 0 32 92 10 15 9 7 6 5 4
-9999 -9999 -9999 -9999 -9999 -9999 -9999 -9999 -9999 -9999 -9999 -9999 -9999 -9999 -9999 220 6 5 4 3 2 1 0 141 8 7 6 5 4 3 2 1 0 4 0 45 11 10 9 8 7 6 4 0 1 0 0 0 2 5 8 2 3 3 3 4 6 0 1 20 2 0 6 4 4 8 13 0 10 15 14 0 2 18 27 23 97 0 7 1 2 0 11 3 0 2 1 29 79 11 9 14 8 6 5 4
-9999 -9999 -9999 -9999 -9999 -9999 -9999 -9999 -9999 -9999 -9999 -9999 -9999 -9999 -9999 226 4 3 2 1 0 0 147 4 3 2 1 0 9 8 7 6 5 0 57 10 9 8 7 6 5 4 3 2 2 1 0 0 1 1 1 2 2 2 2 3 15 0 19 1 2 5 3 3 7 11 0 9 14 12 0 1 17 14 11 22 9 86 3 2 0 1 10 2 1 0 21 6 57 20 10 8 13 7 5 4
-9999 -9999 -9999 -9999 -9999 -9999 -9999 -9999 -9999 -9999 -9999 -9999 -9999 -9999 -9999 231 3 2 1 0 1 168 19 18 17 16 15 14 3 2 1 0 1 71 12 11 10 9 8 7 6 5 4 3 0 0 0 0 0 0 1 1 1 1 1 3 5 18 0 1 1 2 2 6 8 1 0 7 13 11 0 16 6 6 10 21 8 8 76 2 1 0 9 1 0 13 6 5 56 19 0 8 7 12 6 4
-9999 -9999 -9999 -9999 -9999 -9999 -9999 -9999 -9999 -9999 -9999 -9999 -9999 -9999 -9999 235 2 1 0 174 171 1 0 2 1 0 0 3 2 1 0 85 82 9 8 7 6 5 4 3 2 1 0 3 1 1 0 0 0 0 0 0 0 0 0 0 0 1 0 0 1 1 2 2 7 0 5 0 12 10 15 5 0 4 9 20 7 7 7 67 1 0 8 0 0 11 5 4 55 6 11 7 6 6 4 5
-9999 -9999 -9999 -9999 -9999 -9999 -9999 -9999 -9999 -9999 -9999 -9999 -9999 -9999 -9999 238 1 0 183 7 6 5 4 0 0 9 7 2 1 0 97 10 9 8 7 6 5 4 3 2 1 0 8 3 2 1 0 0 1 1 0 1 2 3 4 5 6 11 17 0 0 1 1 5 0 3 0 3 7 9 14 4 0 2 8 19 6 6 6 59 6 0 2 4 6 3 4 3 13 40 5 10 6 5 5 3
-9999 -9999 -9999 -9999 -9999 -9999 -9999 -9999 -9999 -9999 -9999 -9999 -9999 -9999 -9999 240 0 202 17 16 15 14 13 12 10 3 2 1 0 101 2 1 0 7 6 5 4 3 2 1 0 11 1 0 0 2 1 1 0 2 2 0 0 0 1 2 3 4 2 21 0 0 1 2 0 1 2 5 0 8 13 3 0 0 7 18 5 5 5 58 4 0 1 3 5 2 3 2 12 15 23 4 9 5 4 4
-9999 -9999 -9999 -9999 -9999 -9999 -9999 -9999 -9999 -9999 -9999 -9999 -9999 -9999 -9999 459 217 13 12 11 10 9 8 7 6 1 0 0 120 17 16 15 14 5 4 3 2 1 0 0 16 3 2 1 0 3 2 2 0 1 3 3 1 1 0 1 3 1 1 6 32 0 0 0 0 1 1 2 7 2 9 1 0 6 0 16 4 4 4 4 52 3 0 2 4 1 2 1 11 5 8 22 3 8 4 3
-9999 -9999 -9999 -9999 -9999 -9999 -9999 -9999 -9999 -9999 -9999 -9999 -9999 -9999 -9999 1012 294 293 292 291 290 289 288 287 286 134 133 131 9 8 7 6 5 4 3 2 1 0 22 20 2 1 0 0 1 4 3 3 1 0 2 4 4 2 2 0 0 0 1 1 2 35 36 0 0 0 1 1 4 1 8 0 0 4 6 8 3 3 3 3 7 43 2 1 3 0 1 0 10 4 2 4 21 2 7 3
-9999 -9999 -9999 -9999 -9999 -9999 -9999 -9999 -9999 -9999 -9999 -9999 -9999 -9999 -9999 146 109 96 83 70 4 3 2 1 0 150 10 9 8 7 6 5 4 3 2 1 0 29 5 4 3 2 1 0 2 5 4 4 2 0 4 0 5 5 6 0 0 0 0 0 0 1 1 41 0 0 0 0 2 0 4 2 3 1 3 7 2 2 2 2 6 0 41 1 0 2 0 0 8 3 1 3 11 8 1 6
-9999 -9999 -9999 -9999 -9999 -9999 -9999 -9999 -9999 -9999 -9999 -9999 -9999 -9999 -9999 130 14 11 11 11 64 52 41 4 3 0 138 133 43 42 41 40 39 38 37 36 35 4 3 2 1 0 0 1 3 6 0 10 0 4 5 0 1 12 7 1 1 0 0 0 0 0 0 0 44 0 0 0 0 2 0 1 2 0 2 6 1 1 1 1 3 1 1 38 0 0 0 1 5 2 0 2 10 4 2 0
-9999 -9999 -9999 -9999 -9999 -9999 -9999 -9999 -9999 -9999 -9999 -9999 -9999 -9999 -9999 117 11 13 10 10 10 10 9 35 25 1 0 3 88 64 61 11 10 9 8 7 6 5 4 3 2 1 2 0 4 0 7 1 12 0 5 7 2 13 8 2 2 1 1 1 0 0 0 0 0 47 0 0 0 0 0 0 0 1 1 3 0 0 0 0 1 0 0 0 37 1 0 0 4 1 1 1 6 2 3 1
-9999 -9999 -9999 -9999 -9999 -9999 -9999 -9999 -9999 -9999 -9999 -9999 -9999 -9999 -9999 105 10 10 12 9 9 9 9 8 8 24 10 7 2 22 1 48 8 7 6 5 4 3 2 1 0 3 0 1 5 0 1 8 15 0 1 14 3 14 9 3 3 2 2 2 1 1 1 1 1 49 1 0 0 0 0 0 0 0 0 0 0 0 0 0 0 0 0 0 0 33 31 0 0 0 0 0 0 5 1 2
-9999 -9999 -9999 -9999 -9999 -9999 -9999 -9999 -9999 -9999 -9999 -9999 -9999 -9999 -9999 96 7 9 9 11 8 8 8 8 7 7 12 1 6 1 21 0 38 32 5 4 3 2 1 0 4 1 0 2 6 0 1 2 25 0 1 2 19 15 10 4 4 79 75 71 67 64 61 58 53 2 1 1 0 2 0 0 1 0 0 0 0 0 2 2 0 1 1 0 0 0 0 29 1 0 1 0 1 0 4 0
-9999 -9999 -9999 -9999 -9999 -9999 -9999 -9999 -9999 -9999 -9999 -9999 -9999 -9999 -9999 80 14 6 8 8 10 7 7 7 7 6 6 11 0 5 0 20 3 4 25 22 2 1 0 5 2 1 0 3 7 0 1 2 3 27 0 2 23 16 11 10 81 0 0 0 0 0 0 0 0 0 2 2 1 3 1 3 0 1 0 1 1 1 4 3 1 4 1 1 1 0 0 0 26 24 0 5 2 1 0 3
-9999 -9999 -9999 -9999 -9999 -9999 -9999 -9999 -9999 -9999 -9999 -9999 -9999 -9999 -9999 72 6 13 5 7 7 9 6 6 6 6 5 5 10 0 4 3 11 2 3 1 18 16 13 6 2 0 0 1 12 0 1 2 3 4 29 3 41 12 11 82 0 1 1 1 1 0 2 0 1 1 3 3 0 6 2 4 1 2 1 2 2 2 0 5 6 7 0 4 1 1 1 0 0 0 20 0 0 0 4 3
-9999 -9999 -9999 -9999 -9999 -9999 -9999 -9999 -9999 -9999 -9999 -9999 -9999 -9999 -9999 59 11 5 12 4 6 6 8 5 5 5 5 4 4 8 3 3 2 10 1 2 0 0 1 0 0 0 2 0 15 0 1 2 3 4 40 46 13 0 12 83 3 2 2 0 2 1 4 0 2 2 4 4 1 7 3 5 2 3 2 3 3 0 4 0 13 8 6 2 2 2 1 1 0 1 0 12 7 5 0 0
-9999 -9999 -9999 -9999 -9999 -9999 -9999 -9999 -9999 -9999 -9999 -9999 -9999 -9999 -9999 50 7 10 4 11 3 5 5 7 4 4 4 4 3 3 3 2 2 1 9 0 1 0 1 0 0 2 3 0 1 16 1 2 3 4 88 0 0 14 14 84 4 3 3 1 3 2 5 1 3 3 5 5 2 8 4 6 3 4 3 4 4 1 5 0 15 16 0 6 3 2 2 1 2 0 27 26 2 1 1 1
-9999 -9999 -9999 -9999 -9999 -9999 -9999 -9999 -9999 -9999 -9999 -9999 -9999 -9999 -9999 42 6 6 9 3 10 2 4 4 6 3 3 3 3 2 2 2 1 1 0 8 3 2 0 0 1 0 3 4 1 19 0 2 3 9 89 1 0 16 15 85 5 4 4 2 4 3 6 2 4 4 6 6 3 9 5 7 4 5 0 9 5 2 6 1 16 17 1 11 3 3 2 3 1 28 0 0 25 5 2 3
-9999 -9999 -9999 -9999 -9999 -9999 -9999 -9999 -9999 -9999 -9999 -9999 -9999 -9999 -9999 34 6 5 5 8 2 9 1 3 3 5 2 2 2 2 1 1 1 0 0 0 2 1 0 1 0 2 1 4 5 2 20 1 7 100 0 0 2 1 33 86 6 5 5 3 5 4 7 3 5 5 7 7 14 0 6 8 5 6 1 10 6 3 7 2 35 0 14 4 4 3 4 2 29 1 1 0 0 18 7 2
-9999 -9999 -9999 -9999 -9999 -9999 -9999 -9999 -9999 -9999 -9999 -9999 -9999 -9999 -9999 29 3 5 4 4 7 1 8 0 2 2 4 1 1 1 1 0 0 0 0 0 0 0 1 0 2 1 3 2 5 6 3 23 109 0 0 1 1 3 36 87 7 6 6 4 6 5 8 4 6 6 8 23 0 1 7 9 0 6 9 11 7 0 12 3 36 1 15 5 9 5 3 30 2 2 1 1 0 0 9 8
-9999 -9999 -9999 -9999 -9999 -9999 -9999 -9999 -9999 -9999 -9999 -9999 -9999 -9999 -9999 22 5 2 4 3 3 6 0 7 1 1 1 3 0 0 0 0 0 0 1 1 0 2 2 0 1 3 2 4 3 6 11 134 0 0 2 0 2 2 41 88 8 7 7 5 13 0 9 5 7 7 9 24 3 0 8 10 1 0 17 12 8 1 13 4 37 2 22 10 6 4 31 3 3 2 2 1 1 0 0 9
-9999 -9999 -9999 -9999 -9999 -9999 -9999 -9999 -9999 -9999 -9999 -9999 -9999 -9999 -9999 20 0 4 1 3 2 2 5 1 4 0 0 0 2 1 0 0 1 1 0 4 1 3 3 1 0 2 4 3 5 4 19 135 1 0 1 3 1 3 3 131 9 8 8 6 14 1 10 14 0 8 10 25 4 1 9 11 2 1 0 31 9 2 14 5 38 3 34 7 5 32 4 4 3 3 2 2 1 1 10 0
-9999 -9999 -9999 -9999 -9999 -9999 -9999 -9999 -9999 -9999 -9999 -9999 -9999 -9999 -9999 19 1 0 3 0 2 1 1 2 0 3 2 1 0 0 0 1 2 2 1 0 7 4 4 0 2 1 3 5 4 11 20 0 136 2 1 2 4 2 8 0 142 9 9 7 15 2 11 15 10 0 11 26 5 2 10 12 3 2 1 32 10 3 15 6 39 39 8 6 33 5 5 4 4 3 3 2 2 11 1 1
-9999 -9999 -9999 -9999 -9999 -9999 -9999 -9999 -9999 -9999 -9999 -9999 -9999 -9999 -9999 16 6 4 0 2 1 1 0 0 1 0 0 0 0 1 1 0 5 3 2 1 0 13 5 1 0 3 6 0 11 12 0 21 1 137 3 2 3 5 12 1 143 10 10 8 16 3 12 16 11 1 12 27 6 3 11 13 4 3 2 33 11 4 16 7 40 49 7 34 6 6 5 5 4 4 3 3 12 2 2 12
-9999 -9999 -9999 -9999 -9999 -9999 -9999 -9999 -9999 -9999 -9999 -9999 -9999 -9999 -9999 2 5 0 2 1 0 0 0 0 0 0 1 1 1 2 2 1 0 10 3 2 0 15 6 2 0 1 4 8 25 0 0 1 22 2 138 4 3 4 6 15 144 11 11 9 17 4 13 17 12 2 13 28 7 4 12 14 5 4 3 34 0 17 17 8 41 58 35 7 7 6 6 5 5 4 4 13 3 3 13 2
-9999 -9999 -9999 -9999 -9999 -9999 -9999 -9999 -9999 -9999 -9999 -9999 -9999 -9999 -9999 0 0 4 3 2 1 0 1 1 0 1 2 2 2 3 3 2 1 11 4 0 4 0 23 3 1 0 7 35 0 0 1 1 4 23 3 139 5 4 5 23 145 12 12 10 18 5 14 18 13 3 43 0 8 5 13 15 6 5 4 35 1 0 36 9 42 95 8 8 7 7 6 6 5 5 14 4 4 14 3 14
-9999 -9999 -9999 -9999 -9999 -9999 -9999 -9999 -9999 -9999 -9999 -9999 -9999 -9999 -9999 5 4 3 2 1 0 2 2 0 1 2 3 3 3 4 4 0 5 12 5 0 6 1 0 28 2 1 44 0 1 0 1 2 0 5 24 4 140 6 5 6 170 13 13 11 19 6 34 0 14 4 44 10 0 6 14 16 7 6 5 36 2 1 0 47 43 105 9 8 8 7 7 6 6 15 5 5 15 4 15 3
-9999 -9999 -9999 -9999 -9999 -9999 -9999 -9999 -9999 -9999 -9999 -9999 -9999 -9999 -9999 9 2 1 0 0 0 6 0 1 2 3 4 4 4 0 10 0 7 13 6 1 7 2 1 29 5 45 0 1 0 2 1 2 3 1 33 0 5 141 7 13 171 14 14 0 32 7 35 1 15 5 45 12 7 0 15 17 8 7 6 37 3 2 1 48 150 10 9 9 8 8 7 7 16 6 6 16 5 16 4 3
-9999 -9999 -9999 -9999 -9999 -9999 -9999 -9999 -9999 -9999 -9999 -9999 -9999 -9999 -9999 10 0 0 1 1 0 8 0 2 3 4 5 5 5 1 0 11 9 0 21 2 8 3 32 6 0 0 47 0 3 3 2 0 3 4 0 34 1 6 142 8 186 15 15 1 33 8 36 2 16 6 59 0 8 1 16 18 9 8 7 38 4 3 2 49 151 21 10 9 9 8 8 17 7 7 17 6 17 5 4 4
-9999 -9999 -9999 -9999 -9999 -9999 -9999 -9999 -9999 -9999 -9999 -9999 -9999 -9999 -9999 12 1 2 0 3 0 10 0 3 4 5 6 6 6 0 3 12 10 1 22 3 9 37 7 0 0 1 49 1 0 4 4 3 1 4 5 1 35 45 0 144 196 16 0 18 34 9 40 0 17 67 1 9 0 2 17 19 10 9 8 39 5 4 3 50 174 11 10 10 9 9 18 8 8 18 7 18 6 5 5 13
-9999 -9999 -9999 -9999 -9999 -9999 -9999 -9999 -9999 -9999 -9999 -9999 -9999 -9999 -9999 15 0 3 1 5 11 0 1 4 5 6 7 0 14 1 4 0 13 13 23 14 38 0 0 8 2 2 50 2 1 0 5 5 4 2 5 6 2 0 46 0 145 214 0 20 35 10 42 0 18 70 0 10 1 3 18 0 31 10 9 40 6 5 4 51 187 11 11 10 10 19 9 9 19 8 19 7 13 6 14 5
-9999 -9999 -9999 -9999 -9999 -9999 -9999 -9999 -9999 -9999 -9999 -9999 -9999 -9999 -9999 16 1 4 2 6 12 1 2 5 6 7 8 1 15 2 5 0 1 28 39 0 39 1 0 10 3 3 0 54 2 1 0 6 6 5 3 6 7 3 1 47 1 361 1 21 36 54 0 20 71 0 1 11 2 4 19 1 0 43 10 41 7 6 5 240 12 12 11 11 20 10 10 20 9 20 8 14 0 22 6 12
-9999 -9999 -9999 -9999 -9999 -9999 -9999 -9999 -9999 -9999 -9999 -9999 -9999 -9999 -9999 17 2 5 3 7 13 2 3 6 7 8 9 2 16 3 6 1 31 0 0 40 41 2 0 12 4 4 1 0 55 3 2 1 7 7 6 4 7 8 4 2 48 2 364 22 37 55 1 21 73 2 12 0 3 5 20 2 1 0 55 42 8 7 6 241 26 12 12 21 11 11 21 10 21 9 15 1 23 21 20 6
-9999 -9999 -9999 -9999 -9999 -9999 -9999 -9999 -9999 -9999 -9999 -9999 -9999 -9999 -9999 18 3 10 8 0 14 7 0 7 8 9 10 3 17 4 7 34 0 1 0 1 41 45 1 13 5 5 2 1 0 60 0 3 2 8 8 7 5 8 9 15 3 49 368 23 38 56 2 96 0 16 0 5 6 0 24 0 2 1 0 99 9 8 249 27 13 13 22 12 12 22 11 22 10 16 2 24 24 1 0 57
-9999 -9999 -9999 -9999 -9999 -9999 -9999 -9999 -9999 -9999 -9999 -9999 -9999 -9999 -9999 19 4 11 11 0 15 9 0 8 9 10 11 4 18 13 35 0 0 1 2 1 44 46 2 0 20 6 3 2 1 0 61 1 4 3 9 9 8 6 9 0 16 4 419 24 39 57 3 98 17 0 7 7 1 0 25 1 3 2 1 0 110 9 278 0 14 37 13 13 23 12 23 11 17 3 25 25 1 0 58 0
-9999 -9999 -9999 -9999 -9999 -9999 -9999 -9999 -9999 -9999 -9999 -9999 -9999 -9999 -9999 52 26 13 0 17 16 10 1 9 21 18 5 19 0 14 36 0 1 3 0 3 2 92 0 3 22 7 4 5 0 0 1 64 5 0 4 10 10 9 7 10 1 17 5 445 40 58 4 99 19 0 16 0 2 1 26 2 4 3 2 1 0 121 279 16 38 14 14 24 13 24 12 18 4 26 90 63 60 59 1 7
-9999 -9999 -9999 -9999 -9999 -9999 -9999 -9999 -9999 -9999 -9999 -9999 -9999 -9999 -9999 -9999 0 0 18 0 11 0 2 32 19 0 0 20 0 16 0 38 2 4 0 1 7 93 1 4 0 31 5 6 1 1 2 65 6 0 1 5 11 11 10 8 11 2 18 452 41 59 5 120 1 17 0 1 3 2 27 3 5 4 3 2 0 123 297 39 15 15 25 14 25 13 19 5 27 97 5 4 3 2 8 6
-9999 -9999 -9999 -9999 -9999 -9999 -9999 -9999 -9999 -9999 -9999 -9999 -9999 -9999 -9999 -9999 2 0 20 0 0 13 3 53 1 1 0 0 22 17 1 39 3 0 5 1 2 102 2 5 1 32 6 7 2 2 3 0 73 1 0 2 6 12 12 11 9 12 22 453 42 60 6 123 18 0 3 0 4 3 28 4 6 5 4 3 1 0 422 56 16 26 15 26 14 20 6 131 102 3 2 1 0 9 7 1
-9999 -9999 -9999 -9999 -9999 -9999 -9999 -9999 -9999 -9999 -9999 -9999 -9999 -9999 -9999 -9999 3 22 0 1 1 14 58 2 0 2 1 1 0 41 2 40 4 0 1 6 5 103 0 9 2 33 7 8 3 3 4 1 0 74 2 1 3 7 13 13 12 10 13 477 43 61 7 124 20 4 0 1 5 33 0 5 7 6 5 4 2 1 423 102 27 44 27 15 21 7 137 4 3 2 1 0 10 8 2 17
-9999 -9999 -9999 -9999 -9999 -9999 -9999 -9999 -9999 -9999 -9999 -9999 -9999 -9999 -9999 -9999 27 0 1 2 17 59 3 0 1 3 2 2 1 0 45 41 5 1 0 2 7 110 1 0 13 34 8 9 4 4 5 2 1 0 75 3 2 4 8 14 14 13 11 14 522 62 8 146 0 6 0 2 40 0 1 6 8 7 6 5 0 5 527 0 86 40 39 22 151 142 3 2 1 0 0 11 9 3 18 0
-9999 -9999 -9999 -9999 -9999 -9999 -9999 -9999 -9999 -9999 -9999 -9999 -9999 -9999 -9999 -9999 29 0 2 21 0 60 4 3 4 0 3 3 2 0 1 88 6 2 1 0 3 119 0 3 0 49 9 10 5 5 6 3 2 1 0 76 4 3 5 9 15 15 14 12 15 586 9 147 1 8 0 44 1 0 2 7 9 8 7 0 7 6 620 90 2 1 0 159 6 5 4 3 2 1 23 10 4 0 20 2
-9999 -9999 -9999 -9999 -9999 -9999 -9999 -9999 -9999 -9999 -9999 -9999 -9999 -9999 -9999 -9999 30 1 3 22 62 0 9 5 1 0 4 0 7 1 0 2 96 3 2 1 0 4 121 0 4 1 60 11 6 6 7 4 3 2 0 1 77 5 4 6 10 16 16 15 13 603 10 148 2 9 46 2 1 0 3 8 10 0 17 1 8 628 2 1 0 193 192 31 30 29 28 27 26 25 0 5 1 21 3 1
-9999 -9999 -9999 -9999 -9999 -9999 -9999 -9999 -9999 -9999 -9999 -9999 -9999 -9999 -9999 -9999 31 2 27 63 1 10 0 8 0 1 0 5 9 2 0 1 3 101 3 2 1 0 127 1 0 5 63 12 7 7 8 5 4 3 0 1 2 78 6 12 7 11 17 17 16 14 615 149 3 57 3 0 3 0 4 9 11 1 18 0 11 632 1 0 203 8 7 6 5 4 3 2 1 0 6 0 24 4 0 2
-9999 -9999 -9999 -9999 -9999 -9999 -9999 -9999 -9999 -9999 -9999 -9999 -9999 -9999 -9999 -9999 32 31 0 66 11 1 9 0 1 2 0 1 6 13 1 2 0 106 4 0 5 0 129 2 1 0 6 77 8 8 9 6 5 4 0 1 2 6 86 0 13 8 12 18 18 17 631 150 62 4 0 5 1 0 5 10 0 14 0 20 645 3 0 204 0 6 5 4 3 2 1 0 0 7 1 25 0 5 1 3
-9999 -9999 -9999 -9999 -9999 -9999 -9999 -9999 -9999 -9999 -9999 -9999 -9999 -9999 -9999 -9999 33 32 68 12 2 10 1 2 4 0 0 1 2 10 14 5 1 0 112 0 7 1 130 3 2 1 7 0 87 9 10 7 6 0 5 1 2 3 0 87 1 14 9 13 19 19 650 151 68 0 7 0 2 1 6 11 1 0 16 667 4 0 217 11 9 1 0 14 13 12 11 10 8 2 26 1 0 6 2 4
-9999 -9999 -9999 -9999 -9999 -9999 -9999 -9999 -9999 -9999 -9999 -9999 -9999 -9999 -9999 -9999 34 102 13 3 11 2 3 5 0 0 0 1 4 0 11 21 0 3 0 114 0 10 131 4 3 2 8 1 88 10 11 8 7 0 1 6 2 0 4 1 88 2 15 10 14 20 671 152 69 9 0 4 0 2 7 12 2 1 0 690 1 219 0 23 22 21 20 4 3 2 1 0 3 27 2 0 1 7 3 5
-9999 -9999 -9999 -9999 -9999 -9999 -9999 -9999 -9999 -9999 -9999 -9999 -9999 -9999 -9999 -9999 35 117 4 12 3 4 6 1 1 0 0 1 0 5 1 12 23 4 1 0 116 11 132 5 4 3 9 2 100 0 12 9 8 1 2 0 7 3 1 5 2 89 3 16 11 15 693 153 70 10 1 6 0 3 8 13 3 2 1 693 247 26 25 0 6 5 4 3 2 1 0 33 28 3 0 1 2 8 4 6
-9999 -9999 -9999 -9999 -9999 -9999 -9999 -9999 -9999 -9999 -9999 -9999 -9999 -9999 -9999 -9999 36 118 18 4 5 7 2 2 1 0 0 1 2 1 6 2 13 29 2 0 1 129 133 6 5 0 14 3 102 13 0 10 9 2 3 0 1 8 4 2 6 3 90 4 17 12 16 694 225 11 2 8 4 0 9 14 4 3 2 942 2 1 0 7 5 4 3 2 1 0 35 0 4 0 1 2 3 9 5 7
-9999 -9999 -9999 -9999 -9999 -9999 -9999 -9999 -9999 -9999 -9999 -9999 -9999 -9999 -9999 -9999 37 119 24 6 8 3 3 2 1 0 0 1 2 3 2 7 17 30 3 1 2 0 264 7 6 1 15 107 14 1 0 11 10 3 4 1 0 2 9 5 3 7 4 91 97 18 30 695 226 15 0 14 0 1 10 15 5 4 946 26 22 21 20 11 4 3 2 1 0 43 6 5 0 1 2 3 4 10 6 8
-9999 -9999 -9999 -9999 -9999 -9999 -9999 -9999 -9999 -9999 -9999 -9999 -9999 -9999 -9999 -9999 38 120 32 9 4 4 3 2 1 0 0 1 7 8 13 3 8 49 4 2 3 0 266 8 7 2 16 108 15 2 1 12 11 4 5 2 1 0 3 10 6 4 8 14 0 98 50 0 923 17 15 0 1 2 11 16 0 958 83 55 54 53 52 51 50 49 48 47 46 1 0 0 3 0 3 4 5 11 7 9
-9999 -9999 -9999 -9999 -9999 -9999 -9999 -9999 -9999 -9999 -9999 -9999 -9999 -9999 -9999 -9999 160 33 10 5 5 4 3 2 0 1 1 0 1 2 0 14 4 9 50 8 4 1 0 276 8 3 17 109 16 3 2 13 12 5 6 3 2 1 0 4 11 7 5 0 15 1 99 51 925 18 17 2 0 3 12 0 18 1055 11 10 9 8 7 6 5 4 3 2 1 0 1 4 0 1 4 5 6 12 8 10
-9999 -9999 -9999 -9999 -9999 -9999 -9999 -9999 -9999 -9999 -9999 -9999 -9999 -9999 -9999 -9999 195 11 6 6 5 4 3 1 0 5 0 0 0 0 3 1 15 5 10 51 9 7 1 0 286 4 18 110 17 4 3 14 19 0 7 4 3 2 0 1 5 12 8 6 8 16 102 0 978 19 18 3 1 0 17 1 1087 11 10 9 8 7 6 5 4 3 2 1 0 2 5 0 1 0 7 6 7 13 9 11
-9999 -9999 -9999 -9999 -9999 -9999 -9999 -9999 -9999 -9999 -9999 -9999 -9999 -9999 -9999 -9999 208 7 7 6 5 4 2 1 7 0 0 1 0 1 1 6 2 16 6 63 0 18 2 1 0 287 24 111 18 5 19 0 20 9 0 5 4 3 0 1 2 6 13 9 0 9 17 103 980 20 19 4 2 1 0 1108 7 6 5 4 3 2 1 0 2 1 0 0 3 0 7 0 2 1 8 7 8 14 10 12
-9999 -9999 -9999 -9999 -9999 -9999 -9999 -9999 -9999 -9999 -9999 -9999 -9999 -9999 -9999 -9999 217 8 0 13 5 3 2 8 0 1 0 0 2 1 4 0 7 3 17 71 1 19 3 0 2 1 313 112 19 6 20 1 21 10 1 6 5 4 1 0 2 3 7 14 10 1 10 18 1085 21 20 5 3 2 1 1124 6 5 4 3 2 1 0 7 3 2 1 4 0 9 0 1 3 2 9 8 9 15 11 13
-9999 -9999 -9999 -9999 -9999 -9999 -9999 -9999 -9999 -9999 -9999 -9999 -9999 -9999 -9999 -9999 227 0 15 6 4 3 9 1 2 1 0 1 0 3 0 5 1 8 4 18 74 20 0 4 4 0 2 427 27 0 21 24 0 11 2 0 7 11 0 3 0 3 4 8 15 11 2 11 19 1108 21 6 4 3 1134 6 5 4 3 2 1 0 11 2 1 0 7 1 0 11 0 2 4 3 10 9 10 16 12 14
-9999 -9999 -9999 -9999 -9999 -9999 -9999 -9999 -9999 -9999 -9999 -9999 -9999 -9999 -9999 -9999 228 17 7 5 4 10 2 3 2 1 0 2 0 1 4 1 6 9 9 5 94 21 1 5 5 0 1 431 28 1 47 1 12 0 3 1 0 8 12 1 4 1 4 5 9 16 12 3 12 20 1131 7 5 1145 5 4 3 2 1 0 25 24 11 10 9 8 0 1 0 12 1 3 5 4 11 10 0 28 13 15
-9999 -9999 -9999 -9999 -9999 -9999 -9999 -9999 -9999 -9999 -9999 -9999 -9999 -9999 -9999 -9999 247 8 6 5 11 3 4 3 2 1 0 3 0 1 2 5 2 0 11 10 101 22 0 2 12 0 3 0 461 2 50 0 13 1 4 2 1 0 9 13 2 5 2 5 6 10 30 0 4 13 1153 8 1152 5 4 3 2 1 0 31 4 3 2 1 0 1 2 0 1 13 2 4 6 5 12 11 1 29 14 16
-9999 -9999 -9999 -9999 -9999 -9999 -9999 -9999 -9999 -9999 -9999 -9999 -9999 -9999 -9999 -9999 257 7 6 12 4 5 4 3 2 0 1 4 1 0 2 3 6 3 0 13 11 125 0 1 3 14 0 5 462 3 52 0 16 0 5 3 2 0 1 10 14 3 6 3 6 7 11 31 1 5 1168 1174 11 4 3 2 1 0 40 7 6 5 4 3 2 3 0 1 2 14 3 5 7 6 13 12 2 30 15 17
-9999 -9999 -9999 -9999 -9999 -9999 -9999 -9999 -9999 -9999 -9999 -9999 -9999 -9999 -9999 -9999 266 7 13 5 6 5 4 3 1 0 2 5 2 0 1 5 10 18 23 0 15 138 0 1 6 15 0 7 463 4 53 1 17 7 0 4 3 0 1 2 11 15 4 7 4 7 8 12 32 2 2350 5 4 3 2 1 0 47 5 4 3 2 1 0 4 1 2 0 3 15 4 6 8 7 14 13 3 31 16 18
