examples/Input/rastert_slope_t1.asc
ncols         834
nrows         571
xllcorner     422808.52371438
yllcorner     4832948.6261134
cellsize      3
NODATA_value  -9999.
[rows 392 to 419 of 571, columns 0 to 62 of 834]
-9999. -9999. -9999. -9999. -9999. -9999. -9999. -9999. -9999. -9999. -9999. 11.62031 33.1479 36.14086 35.61753 37.56436 34.6349 34.82301 36.62791 36.60018 34.31416 32.01054 35.14204 34.23233 34.68353 38.90147 35.47789 36.13366 36.29791 32.08337 32.66368 25.02742 3.272298 21.80442 22.76905 15.83153 9.249728 25.67738 43.70554 46.59174 39.81289 37.26218 40.05499 38.70567 40.24099 40.84196 41.00826 41.92334 41.471 40.55658 37.88373 36.96148 39.18689 32.28074 38.13277 40.80268 42.2155 41.18235 38.33808 33.38314 30.93838 35.50619 36.56358
-9999. -9999. -9999. -9999. -9999. -9999. -9999. -9999. -9999. -9999. -9999. 15.83899 34.56067 36.28931 33.29745 34.82002 35.265 34.94783 36.91026 39.10447 35.44891 32.74635 36.65937 35.03305 35.19567 39.39547 37.57071 35.51034 33.38296 32.67188 33.74157 26.39553 2.62579 15.99473 22.34423 20.77159 11.51607 26.28125 45.36191 45.94361 37.14123 36.84679 40.79603 39.18516 39.7621 39.83975 41.18259 43.25575 41.85501 40.06094 36.94708 32.18627 33.30303 31.84508 41.59396 44.03101 42.41792 39.17208 36.13861 33.16608 30.3269 30.96704 35.59134
-9999. -9999. -9999. -9999. -9999. -9999. -9999. -9999. -9999. -9999. -9999. 17.50041 34.62383 35.05787 32.60041 32.70359 35.68193 36.55563 38.39889 41.34477 36.84687 34.75119 38.13871 35.14996 35.40286 39.68553 38.20825 35.37742 34.09606 33.66309 32.67743 26.80883 10.00074 7.281357 14.14723 22.08107 13.56706 25.7889 44.31562 45.27887 40.09791 38.51575 41.42155 41.14576 40.93087 40.50455 42.61683 45.45024 44.14431 42.55124 42.33881 38.55209 35.08988 43.55329 49.64409 47.01341 41.1485 36.9085 35.3047 34.92467 32.67258 31.1812 34.54756
-9999. -9999. -9999. -9999. -9999. -9999. -9999. -9999. -9999. -9999. -9999. 18.77851 35.39256 33.75151 32.70386 34.26541 36.87682 37.36611 39.49916 42.82615 39.4225 38.07491 39.90952 35.15969 35.58283 39.40691 38.02287 38.1414 37.71191 33.10317 31.86402 28.24003 11.94364 5.115006 5.424173 22.8616 16.46116 20.4786 40.19732 46.51877 44.84196 41.76576 42.60954 42.04208 41.99448 41.92741 43.12424 46.17329 45.7215 44.21942 46.3027 45.80468 38.5459 47.06755 48.2987 43.14733 38.22054 36.25244 35.94387 34.30098 31.65595 34.73876 34.68151
-9999. -9999. -9999. -9999. -9999. -9999. -9999. -9999. -9999. -9999. -9999. 26.40236 39.32874 36.41478 34.09708 35.42979 37.31305 37.46109 39.12165 41.60693 41.12782 41.47907 41.90503 36.10994 34.34247 37.94988 39.16171 41.95098 41.07822 33.75664 32.47289 29.67878 13.07385 9.57232 13.41393 26.12293 22.52712 13.31348 30.50665 44.51237 46.30726 44.46312 44.81894 42.1025 39.53713 40.3654 41.69729 43.86999 45.17289 44.64275 47.57892 50.75797 45.11754 46.32333 41.27279 38.56224 37.86489 36.56731 35.92102 32.80881 32.49523 35.60685 35.50621
-9999. -9999. -9999. -9999. -9999. -9999. -9999. -9999. -9999. -9999. -9999. 28.7275 42.64718 40.61908 37.09345 36.16179 37.87637 38.77 38.85181 39.62203 41.81933 44.13729 43.6916 39.70287 35.69441 36.52918 39.26435 43.76056 42.04187 33.31366 33.97097 31.83688 18.77851 20.46163 19.19612 26.89601 30.42187 12.10069 18.49006 37.79567 42.51621 44.41065 46.21558 43.45642 39.15149 38.78865 40.9282 42.02503 43.479 42.32156 43.44376 48.42305 46.98447 44.24575 38.30645 37.76211 38.73613 38.01682 35.60205 33.4716 35.79118 35.81076 36.33498
-9999. -9999. -9999. -9999. -9999. -9999. -9999. -9999. -9999. -9999. -9999. 33.69076 45.25424 43.31894 40.05753 38.05935 40.03732 41.48458 39.91148 40.98169 43.98122 45.58431 44.9883 43.57542 40.04439 38.66929 40.37441 46.19053 45.19844 36.75079 36.63165 35.07629 28.56391 25.65676 17.30422 19.34882 32.57051 16.44934 12.78747 30.73269 40.31755 47.22885 49.66446 45.10289 40.18376 38.10781 40.18823 41.41582 41.41689 39.17206 36.45823 38.01912 40.67545 40.49696 37.12201 36.62775 35.03827 32.98336 30.50881 33.22715 37.32148 37.10337 37.5831
-9999. -9999. -9999. -9999. -9999. -9999. -9999. -9999. -9999. -9999. -9999. 33.98046 47.30992 46.74339 42.96962 40.48833 41.93356 43.34147 41.08199 41.66687 45.07925 45.82447 45.25251 43.88883 41.60975 41.48503 41.87093 46.80217 47.91393 42.32295 39.7622 36.98254 33.71421 28.65194 16.68668 9.172376 30.01313 25.19721 13.63219 20.68201 33.03258 46.03014 53.11977 49.0265 42.44619 38.97247 38.68718 40.16155 41.7298 40.52603 34.70367 36.21672 42.58347 43.58204 40.37635 35.43174 28.79783 25.13569 25.78076 32.91076 37.42642 38.30159 39.21401
-9999. -9999. -9999. -9999. -9999. -9999. -9999. -9999. -9999. -9999. -9999. 32.38761 46.00435 47.24063 46.23558 44.41405 44.17086 43.06414 41.86683 41.8752 43.90042 45.87569 45.64707 43.92274 42.46446 43.28627 43.63073 45.85549 47.67281 45.75547 42.54597 38.54217 35.02197 31.95701 22.12482 8.680649 24.97585 31.30099 18.35569 10.95613 16.09111 32.8841 48.00763 49.64788 47.22504 44.24987 40.17686 38.38367 41.81436 45.98911 42.28698 43.77922 45.96534 44.82439 41.53313 35.32333 27.93931 23.21877 24.57826 32.97894 37.40405 39.68708 41.68489
-9999. -9999. -9999. -9999. -9999. -9999. -9999. -9999. -9999. -9999. -9999. 31.41731 42.91727 41.74132 45.88995 47.49297 47.4051 44.41508 44.08458 46.40987 47.00554 48.0185 46.52874 43.77539 42.99043 44.18961 46.28493 47.92847 48.43736 47.85267 44.13835 39.15471 37.13223 36.07932 27.43858 12.79422 16.16287 30.869 25.29257 16.47439 15.32091 25.66169 38.75627 44.16558 46.82245 46.76209 43.26478 40.04862 40.22906 46.42364 49.2109 47.10283 42.13374 39.46225 38.84681 36.27672 31.12395 24.15911 22.61373 30.3239 37.36492 42.13539 43.59216
-9999. -9999. -9999. -9999. -9999. -9999. -9999. -9999. -9999. -9999. -9999. 33.28769 43.19965 37.67217 44.12723 47.2576 47.32548 46.39761 44.11655 45.46324 49.50821 51.36052 47.43813 42.73684 42.04272 44.2016 48.26174 49.90462 48.28128 47.99636 46.10719 41.23638 39.95385 38.36578 29.37528 17.15428 11.52477 28.70704 29.36502 22.81797 20.33758 25.18126 35.45782 40.25528 43.12584 45.53971 44.09113 43.82717 41.55187 40.28372 44.39177 43.45343 38.60111 36.36469 36.52768 35.2199 32.76083 28.66174 26.13868 30.43619 37.55237 43.07516 44.09716
-9999. -9999. -9999. -9999. -9999. -9999. -9999. -9999. -9999. -9999. -9999. 38.77362 42.84163 31.32503 41.19445 44.48093 42.88587 46.10551 43.93123 39.93352 46.12263 50.68217 45.91919 39.48294 36.88849 40.42054 48.22884 50.87745 48.60148 47.38981 47.2282 45.64587 42.60461 38.48375 30.28113 23.39382 16.73906 25.41231 31.75881 26.94001 20.99466 18.78035 27.07933 36.75537 41.37988 43.14254 43.17751 44.81201 44.0672 38.76555 37.93126 39.1189 38.91952 37.18386 34.81405 32.97048 34.19365 33.35738 30.94883 32.59256 37.61942 42.84501 44.29209
-9999. -9999. -9999. -9999. -9999. -9999. -9999. -9999. -9999. -9999. -9999. 41.44645 40.39915 16.21294 34.08285 40.32516 35.84181 40.27648 40.63033 35.08135 44.53728 49.14225 43.37846 39.41053 38.4224 38.18683 43.4733 47.74353 48.98351 48.46862 47.24916 47.71789 44.36706 39.88953 33.98065 30.41376 22.88588 21.24924 30.32021 33.00902 26.7711 20.58286 20.4017 29.5354 39.55714 42.16055 42.21797 44.45366 43.73506 38.44304 36.01191 36.80049 37.14486 35.10353 33.01654 33.23679 37.1864 36.01354 32.88401 34.53331 38.38937 42.59845 43.55115
-9999. -9999. -9999. -9999. -9999. -9999. -9999. -9999. -9999. -9999. -9999. 35.73781 39.31997 16.61019 27.11396 35.37749 36.74607 43.05402 43.26154 41.42795 48.57068 50.58796 44.06371 42.01579 43.99654 42.27225 41.81999 45.60409 49.8348 49.91094 47.1689 46.8532 44.67744 41.58395 38.72598 33.59549 23.24501 20.16427 28.43864 37.30115 35.78864 28.6219 22.53541 20.97589 31.34106 39.53539 40.5873 44.00005 44.51146 41.33366 37.7454 33.48527 31.88471 31.98231 33.42893 36.90832 39.7548 36.13343 33.28388 35.97723 38.81683 40.82165 41.57818
-9999. -9999. -9999. -9999. -9999. -9999. -9999. -9999. -9999. -9999. -9999. 31.58139 37.85139 27.93619 35.4838 41.01459 43.87936 45.11668 42.25092 44.91072 49.82423 48.6884 41.96466 41.47186 44.72619 42.64497 42.11386 47.28877 50.18575 48.91494 44.91754 43.98655 44.21558 43.4458 41.20728 32.03672 22.07503 19.07077 26.40796 35.36982 40.48276 37.83748 31.89865 19.4386 16.0216 27.75949 35.82484 42.45039 45.37089 44.55379 41.42202 34.69482 29.09092 29.69677 35.12374 40.19481 41.78828 36.61702 33.0368 35.94664 38.88023 39.61586 40.71612
-9999. -9999. -9999. -9999. -9999. -9999. -9999. -9999. -9999. -9999. -9999. 22.57578 37.91484 38.72231 42.69671 41.43846 42.40119 42.33007 40.96364 48.47258 50.31095 45.79287 40.59975 42.60468 44.67219 44.12311 44.03025 45.78677 47.00127 44.26993 40.45329 41.45189 43.84094 43.8843 39.79234 30.64276 27.32415 20.6002 20.58036 27.73297 37.23531 42.71723 42.20496 30.53523 12.23721 12.87724 23.35895 34.17101 39.90119 41.43311 42.74435 40.90603 34.31799 32.46442 37.93795 40.30501 42.55326 39.03575 32.69075 34.99987 39.95766 41.05688 42.03661
-9999. -9999. -9999. -9999. -9999. -9999. -9999. -9999. -9999. -9999. -9999. -9999. 37.55214 43.35726 43.67195 40.97917 42.86855 43.86271 44.74575 49.73114 49.0772 43.77431 38.99168 43.85626 45.6555 44.52282 44.41322 44.35558 45.06073 41.47208 38.25938 39.10051 42.0862 41.68772 39.16563 34.95471 33.03152 26.97634 20.34311 22.82115 27.26457 37.84516 45.52061 40.62584 23.50642 15.00448 13.45793 17.86712 25.99668 32.63923 37.96509 40.23388 38.76105 39.89843 40.96611 39.18452 41.75902 40.25895 33.40322 35.36102 41.5267 42.06479 41.9271
-9999. -9999. -9999. -9999. -9999. -9999. -9999. -9999. -9999. -9999. -9999. -9999. 29.40708 43.79495 43.66972 41.93479 44.34909 45.95687 45.77451 45.83997 44.97193 42.24728 40.16563 44.71227 44.55947 43.24878 43.35557 40.66356 42.20962 41.74656 37.53535 35.81672 37.95829 38.73478 40.9255 40.81099 36.3827 30.84455 21.84347 20.73398 21.94886 30.71465 44.16096 45.56584 37.87184 30.41773 20.37473 9.761071 11.7865 21.03252 29.90352 34.95045 37.63546 43.44515 43.97741 40.10922 40.23143 39.54496 35.12997 37.17612 42.93378 42.90041 41.57365
-9999. -9999. -9999. -9999. -9999. -9999. -9999. -9999. -9999. -9999. -9999. -9999. 33.40732 45.77985 44.4782 43.00967 44.4904 44.7532 42.44056 39.01498 40.28265 44.16387 43.93871 43.03691 41.06349 43.004 42.82682 37.64777 41.56049 43.22206 37.19053 33.0034 34.95503 38.93604 43.23723 43.188 38.16306 33.45064 23.71826 19.14098 20.91475 26.45232 40.83041 47.46494 45.18763 39.34684 32.50544 13.81855 5.882178 11.53884 24.29435 33.14205 36.99434 42.32757 44.78829 41.93708 39.50279 39.77966 35.95788 36.35648 43.86808 45.99584 43.1063
-9999. -9999. -9999. -9999. -9999. -9999. -9999. -9999. -9999. -9999. -9999. -9999. 35.73595 47.19306 44.43824 43.34857 45.35331 44.34418 40.16457 37.20328 40.05211 45.33995 45.33431 43.06694 40.85139 43.08079 43.91473 40.04791 42.51687 41.74832 35.27863 31.99948 37.76571 42.74226 43.87868 43.91617 40.79618 35.40223 23.46919 18.59056 22.92336 26.65835 35.7355 44.48956 45.6297 45.06986 44.97743 33.36172 11.84203 6.276971 18.36598 32.47204 38.05019 40.77873 43.66922 43.20207 41.09631 41.40166 35.5361 32.19857 41.98755 48.50518 46.46035
-9999. -9999. -9999. -9999. -9999. -9999. -9999. -9999. -9999. -9999. -9999. -9999. 34.51888 46.34932 44.14448 42.5683 43.35947 41.26146 37.97509 39.62403 42.08148 44.62174 47.50137 46.52454 42.37347 42.09351 44.99396 41.38344 38.59049 38.28951 35.47013 35.13695 42.2793 45.08104 43.70651 44.28671 41.59421 33.93704 23.5154 23.11026 26.50638 27.66449 29.34159 34.72279 40.13438 45.20615 49.72472 46.81479 31.22421 11.42448 11.46101 30.10775 38.85074 40.09821 42.67336 43.83165 43.14272 42.28504 36.07899 30.51172 39.144 48.04523 48.44959
-9999. -9999. -9999. -9999. -9999. -9999. -9999. -9999. -9999. -9999. -9999. -9999. 32.35423 46.57194 44.21032 40.51229 39.5117 39.34023 39.25758 41.96539 43.44279 45.47797 48.17056 45.88914 39.52135 40.44813 44.66455 39.56992 36.2663 40.62824 40.54213 39.95914 44.77802 45.8503 43.349 43.52837 40.03908 31.61363 26.52157 26.82251 25.15 24.12907 25.18505 28.92806 33.85939 38.5345 46.23546 48.59621 42.31347 24.1724 8.900282 23.87474 37.93997 40.64043 41.73258 43.41802 44.4108 42.81647 36.07417 32.17466 39.39146 45.55367 46.56216
-9999. -9999. -9999. -9999. -9999. -9999. -9999. -9999. -9999. -9999. -9999. -9999. 33.21748 45.30004 41.42114 38.40725 41.31488 43.86278 44.72701 45.17784 44.27412 43.74835 43.6783 42.38265 38.40827 41.28138 43.41471 37.3294 38.9776 44.3461 42.7967 42.02987 45.51675 45.32515 42.42966 43.27571 40.33144 32.15035 27.95283 25.21849 19.88914 17.51308 19.1297 25.06869 29.56215 31.04637 39.69905 45.42963 44.51601 31.07479 9.214916 14.11324 33.05799 41.78271 41.83858 42.21209 44.23891 44.14646 37.34908 34.77326 41.32944 44.04628 43.56752
-9999. -9999. -9999. -9999. -9999. -9999. -9999. -9999. -9999. -9999. -9999. -9999. 33.50873 42.52636 36.67957 35.01904 42.43569 46.53798 46.72866 45.00421 42.84019 41.69434 40.51981 41.63333 39.82258 41.0848 41.57835 38.50447 42.08391 43.71632 41.35478 42.36628 45.18801 43.48455 40.52213 42.67235 40.3217 31.23804 26.21556 23.6398 17.47849 15.09066 14.33221 17.84395 25.69602 28.76213 36.28715 43.89453 45.6115 34.208 11.4292 7.653759 25.67744 41.01906 42.47613 41.5415 43.26127 44.33916 40.29008 37.67319 41.34949 43.35844 43.38515
-9999. -9999. -9999. -9999. -9999. -9999. -9999. -9999. -9999. -9999. -9999. -9999. 29.57192 40.23644 35.98033 36.28149 43.68633 45.98993 44.26904 42.58815 41.91726 40.81844 40.04539 42.22924 40.47686 40.1499 42.74708 42.35955 43.05634 41.51257 40.61853 43.43708 43.42524 39.56513 38.08608 40.34724 37.23472 27.21216 22.83316 22.08477 16.73109 16.00668 15.02004 13.89456 22.98214 29.00949 35.74435 43.03278 46.62788 40.77178 21.21459 7.633787 17.95866 37.75635 43.91349 42.27572 42.28769 43.69532 43.46102 42.37726 42.17693 42.77449 44.76321
-9999. -9999. -9999. -9999. -9999. -9999. -9999. -9999. -9999. -9999. -9999. -9999. 20.28801 34.18015 33.7902 38.99179 45.87352 45.17707 40.21703 36.81603 37.04855 37.59488 37.03292 38.74498 37.55349 39.08861 43.81538 42.50487 40.7846 37.95877 38.26998 41.68419 39.13701 35.46243 35.36554 36.90237 34.4703 26.46786 21.5472 18.01594 11.99598 11.56505 12.81283 11.79367 21.06173 30.63667 33.29262 38.26958 45.13086 45.42212 34.1053 14.16709 10.83524 31.22174 42.95232 42.48576 41.35635 43.89954 49.19296 52.66583 49.4329 43.44048 46.07625
-9999. -9999. -9999. -9999. -9999. -9999. -9999. -9999. -9999. -9999. -9999. -9999. 14.71639 30.87548 30.0912 34.59566 40.85076 38.3811 32.92519 29.13568 31.65168 33.82262 30.48402 32.62621 33.50824 36.13657 40.03947 37.83244 35.28233 32.54805 34.27162 37.57166 36.34581 33.54341 33.92918 36.74621 35.27702 27.42489 20.68942 15.7277 8.916836 5.651954 8.625049 10.43924 18.46158 31.01704 34.76007 35.92924 40.52612 44.56276 44.03558 30.53516 12.53278 24.10098 38.98246 41.58916 39.61364 35.94266 40.42924 52.13879 53.76772 45.33607 44.99427
-9999. -9999. -9999. -9999. -9999. -9999. -9999. -9999. -9999. -9999. -9999. -9999. 13.52942 30.31942 33.48406 35.40599 37.95906 36.06498 33.83383 30.47442 30.34931 31.26167 29.2505 31.49912 31.0851 32.6347 36.324 36.17211 33.54186 31.88193 34.05238 35.55376 34.4796 32.64015 35.5704 37.68914 36.4916 29.88898 20.2269 17.38763 12.20381 4.95753 4.317995 7.563135 14.11773 25.0845 34.07862 38.21978 39.02551 41.92125 45.94809 40.78499 21.42502 18.45616 33.15989 39.62514 38.49123 28.32203 22.28004 45.78035 52.77333 45.17413 42.68911
