examples/Input/rastert_slope_t1.asc
ncols         834
nrows         571
xllcorner     422808.52371438
yllcorner     4832948.6261134
cellsize      3
NODATA_value  -9999.
[rows 224 to 251 of 571, columns 189 to 251 of 834]
23.8713 36.38068 38.71735 36.91435 37.38556 40.62988 41.72571 39.2774 39.93737 41.66119 36.69128 35.99334 38.51555 37.96465 37.97418 37.39346 31.14205 27.58597 31.21022 36.64441 44.11185 44.73135 40.78685 35.90646 36.51914 40.37019 40.6982 39.84443 39.82689 40.7246 39.11905 36.23472 35.81523 37.09176 42.04856 45.29661 45.80334 46.62119 45.4453 43.73875 43.1906 42.02555 40.72414 41.07215 41.92174 42.3077 43.59469 44.25346 43.96037 43.06797 41.95637 42.31458 41.75961 39.28718 37.76437 43.06692 47.51322 44.62061 25.70499 31.10184 39.42577 41.08583 45.15391
23.38706 36.74654 36.59317 31.26666 33.67345 38.34049 40.75734 41.05007 43.41547 42.28656 35.66667 34.36754 37.93562 39.84329 39.09068 38.34662 33.31932 31.21424 35.17225 38.26202 43.82862 45.91393 42.84172 36.99687 35.75796 36.04039 32.79551 31.29776 30.41874 32.47492 33.3875 32.49158 31.7155 33.19071 40.36787 40.09078 40.33773 43.51756 41.83404 43.41441 44.7555 42.63712 43.69979 43.11659 40.013 41.2034 43.4888 44.82011 43.45546 43.43557 43.85687 42.78783 39.78334 36.30675 37.31956 41.54102 43.65377 41.27447 34.5745 21.62218 35.14427 38.71093 44.50182
27.04677 37.96465 32.49678 21.54492 25.51436 35.32133 41.55573 44.3741 45.06757 41.54929 37.03337 35.70391 37.23887 39.73243 40.00816 39.02569 34.3696 34.7125 40.27634 41.35734 43.05074 45.24325 43.46846 39.43356 39.30716 38.01635 33.90854 32.06573 28.17189 30.60779 33.18423 30.07209 27.40657 26.56738 34.78001 31.14417 33.01865 37.43944 31.55112 36.68171 37.24107 34.039 35.82486 31.76959 30.26578 39.55702 39.59919 35.39863 31.04928 34.18203 35.3423 29.87235 25.97003 26.14435 32.65189 33.56192 34.93318 37.5781 42.28222 28.58692 22.99939 37.01217 39.70641
27.6179 33.40863 23.02104 13.83254 16.85743 30.01959 41.13192 45.69884 45.5366 41.51166 38.39043 38.66129 39.26526 39.05346 39.48865 40.28823 37.72323 39.49836 43.63182 43.70048 45.45676 46.6918 44.2944 41.03633 41.232 39.76784 35.93147 34.20384 32.97142 35.29079 36.49815 34.5562 33.21747 28.93416 34.77117 37.81974 41.453 43.73198 39.36834 39.60606 34.64448 27.96313 29.64445 30.32896 30.43929 37.47965 34.47619 33.12925 38.03025 42.88177 41.66391 38.06792 37.53289 37.15591 41.59226 41.965 41.53669 44.08228 48.89227 44.06408 24.33418 18.97393 21.83456
23.99244 23.08485 13.77278 11.92975 13.66655 26.56414 39.126 43.11293 43.54217 41.61463 38.73745 39.69136 41.54021 40.26846 39.95166 41.68394 40.57298 42.57911 45.42675 45.47335 47.49549 47.10091 44.44529 42.70944 41.60096 41.0427 39.36295 35.427 34.84211 37.71422 38.11763 39.19689 39.30441 30.64266 29.31343 34.8729 42.50289 45.80684 44.7495 46.35178 45.2326 41.28677 36.60393 34.39017 35.55563 40.40806 41.30584 39.10152 41.51151 49.23862 51.12999 48.07481 44.81869 40.73724 43.92056 47.1542 46.05305 46.76997 50.82313 51.03347 46.75083 38.06917 20.77641
17.43784 10.64096 9.623165 12.62769 14.23691 25.47657 38.03194 41.07736 41.21229 41.34248 39.50684 40.83323 43.4848 42.20993 38.88261 38.86346 38.59018 39.88821 43.20181 45.7693 48.55415 46.1634 43.25848 43.15363 41.07908 38.7748 38.17661 34.63948 33.81103 37.22642 38.42529 41.14054 43.64185 35.63343 27.18031 28.88082 38.52211 44.64149 43.61596 43.26355 43.7948 43.13253 41.16192 38.61003 35.58305 36.01077 38.87143 39.03651 38.30949 43.23667 46.51299 46.53129 46.39836 42.23046 39.88314 42.02618 44.472 46.81969 49.04499 50.02931 50.45123 48.94669 41.64974
17.13563 9.668151 5.68092 6.628633 12.17202 20.80578 32.86444 40.61703 41.63997 40.73886 38.37199 39.82925 43.15602 42.55769 38.9891 37.83826 36.46412 37.83657 42.47355 46.26876 48.39595 44.8054 41.72771 42.15042 42.1404 38.04769 33.35784 33.46355 34.49097 36.27546 38.01155 41.3499 45.66988 40.86158 32.72967 30.88979 34.99151 42.32825 44.2799 43.53661 44.21798 44.81311 44.96598 43.65578 39.28743 36.48228 38.42751 40.98444 39.72488 38.94443 40.96205 44.39491 47.15917 45.95414 44.02992 42.65248 42.97649 45.3148 46.17125 46.94629 48.65453 49.55865 46.73204
23.09664 18.69754 15.238 12.18414 11.1023 14.28723 21.08154 33.88666 40.16541 38.56102 35.46305 36.37894 40.6307 42.8981 41.77515 39.63736 35.36845 36.25601 42.75848 46.47265 46.79753 42.34785 40.35678 42.51456 44.1436 40.71979 32.90554 32.27656 34.94083 35.14896 36.62442 40.66094 46.27674 44.94421 42.50673 40.35728 37.47526 40.87493 44.69043 45.07835 45.26746 45.21787 44.58934 43.12914 41.04808 41.31411 43.34675 46.54568 47.3223 46.16938 44.47417 44.47078 46.87812 47.34311 46.89079 45.7085 43.40916 42.69686 43.1857 44.47216 47.49215 50.217 48.05487
27.75918 26.69475 22.39128 17.49468 14.34253 11.41683 13.88894 24.65034 34.89816 35.37931 32.77446 34.01825 36.59265 40.10488 42.05967 40.72859 35.99239 36.62302 43.23286 45.54378 43.27819 39.837 39.772 41.63261 42.17456 41.4235 37.34284 33.72285 35.03131 34.99702 34.04807 38.27832 45.09062 46.26978 45.7184 44.85322 41.31858 39.56982 42.43844 43.93163 43.52636 44.15355 42.50009 38.74879 41.982 46.47348 46.90863 46.6785 48.64193 48.78336 45.2154 42.02236 43.52888 44.81328 45.35794 46.7804 45.83653 42.47829 42.84486 43.85289 46.93077 50.94143 49.66968
35.01355 35.96331 34.26041 29.36566 23.08525 16.31775 13.92557 17.46363 27.45889 34.71173 36.62767 36.29992 34.17999 36.74484 39.94233 41.61634 38.75126 37.90596 41.78671 42.2796 40.05661 40.29456 42.28139 41.67271 41.01661 41.36686 40.14771 35.95427 35.21449 36.85083 35.87741 38.40622 43.34484 42.65321 41.32571 42.42129 41.08414 38.43995 38.69345 40.32884 41.91393 44.92237 41.72955 38.92947 43.45967 46.88886 46.64595 43.47197 43.70337 46.07449 43.2658 39.37267 39.51439 40.75989 42.89362 46.85125 47.45494 42.86928 43.04701 44.19805 46.98032 50.88709 50.55789
42.62601 41.48496 40.25154 39.02662 33.53839 24.16373 16.24521 9.422413 21.12209 35.58343 39.00639 37.22932 35.13093 34.89602 36.96891 42.47504 40.3099 37.03043 38.98662 39.24432 38.78148 40.67399 43.9575 46.17585 47.05826 46.73001 45.51057 41.52416 37.10111 38.12822 40.65074 42.70615 44.4286 41.86926 40.35505 41.88327 41.52755 39.97238 38.81697 38.36552 42.07615 46.74185 44.99384 43.73429 42.24106 40.53849 41.28933 42.53139 42.58805 43.93432 42.36317 40.66302 39.51947 37.68258 40.04789 44.98964 46.79196 43.13218 41.79266 41.89543 44.47656 48.86382 49.48346
45.88243 45.5586 42.43821 40.96383 40.08965 34.01937 26.88344 17.46812 14.72693 34.37695 38.09112 36.93133 37.40423 35.83897 35.55951 40.16952 39.85436 39.80639 41.59024 39.97498 37.12383 37.03573 39.80371 43.14526 44.82299 45.95333 47.47573 46.10596 41.138 38.34905 39.05256 40.89494 43.89698 41.72615 40.0374 41.60915 41.33955 41.14095 41.83379 38.81302 39.02892 45.19032 45.83275 43.86655 41.10588 38.04675 37.68021 41.05439 43.27473 43.47247 40.56483 41.44164 41.71161 37.53439 37.5046 41.24297 44.0167 42.91451 42.65287 40.85216 38.6262 42.90018 45.75639
37.9969 40.28077 40.59108 38.82172 40.07018 38.03654 33.30467 28.65615 14.60696 27.09841 36.51969 36.79104 37.64539 39.10189 36.92168 36.86184 39.1297 41.97156 44.74613 44.09948 39.50731 35.72716 35.05942 36.31391 37.77012 39.376 42.93082 43.74247 41.40444 37.10953 30.61428 32.03396 40.71476 40.95339 40.0019 41.64567 40.96287 41.13542 43.55874 42.8016 39.3907 41.55732 43.46478 42.42127 41.08668 39.92827 40.58779 42.61748 43.17914 43.24626 39.36296 40.75947 43.41263 41.89277 39.96973 40.00134 42.30516 42.63413 44.77286 43.71771 41.44141 43.58661 44.78248
27.90001 26.06565 31.01068 31.5406 30.33517 31.60212 31.59341 31.69085 23.71815 18.12907 29.06786 33.48457 37.6867 41.29857 38.73268 36.04034 36.3993 39.24136 43.67221 45.23215 42.27685 37.94336 34.94375 40.31557 43.76471 40.90282 40.49007 40.55434 39.44316 37.18112 30.75185 27.58472 35.61238 39.43022 40.44821 42.1887 40.75195 40.40427 42.24298 44.25575 42.81528 40.97364 40.91229 40.79806 40.52126 40.05693 41.57278 43.37386 42.58883 41.91417 39.83932 39.81274 41.96804 44.29486 44.40444 43.05412 43.245 43.36721 44.4264 44.05338 44.63707 45.83948 44.77298
34.31659 24.76298 24.89372 27.49479 25.9318 27.49146 29.21425 30.47636 26.90386 22.4281 19.18787 20.66313 31.86153 38.09536 37.90462 35.7858 35.32067 36.99106 41.12643 44.24457 44.33657 42.44669 35.62385 39.49027 45.93275 43.11882 41.18615 40.62428 39.25876 38.52323 36.51688 31.29408 31.66672 35.46257 39.45652 42.29721 41.11455 40.98622 40.82207 40.13662 40.32053 40.04301 38.8411 39.00748 38.91865 37.8913 40.10138 41.87161 41.44139 41.84922 41.39014 38.4053 36.81104 41.33452 44.62248 44.55975 44.63218 44.38654 43.35562 42.05202 42.95542 43.92968 42.64157
43.87812 39.53524 33.64178 30.33845 32.35807 31.97335 28.95548 28.85112 25.84118 19.64728 15.23112 13.24661 22.21717 29.05448 32.80498 33.86332 34.70557 36.66276 40.17081 44.0463 46.22379 46.44821 34.69348 28.75723 41.54937 40.83572 41.00237 42.71277 41.66755 39.35492 38.93148 36.61081 33.11754 31.22038 36.87997 41.99654 43.16836 44.72211 44.08577 42.29121 41.00433 40.00199 38.02239 36.28499 35.79821 36.59783 39.38367 40.15468 40.94749 43.0586 43.7306 40.35693 34.81511 36.57352 41.20782 41.6226 41.99041 42.34322 42.09155 42.17205 43.43975 44.41356 42.35115
45.15528 46.95449 43.85237 35.92633 33.85059 36.08223 31.78795 28.15606 25.89181 19.31253 14.04344 11.07355 15.03757 19.48515 24.31802 29.88118 33.0694 35.66843 39.12516 42.9962 45.52067 46.39001 37.88998 31.3353 37.94469 38.50181 39.9501 44.63542 45.73618 41.80369 39.52499 38.58896 35.64021 31.91427 35.17715 38.91536 39.75141 42.91129 44.84362 45.3199 44.56165 42.45263 39.2639 34.91594 33.95736 37.38913 38.28613 37.19386 38.7105 42.55457 44.39034 42.27491 37.387 36.50223 39.74202 40.23978 40.24467 40.62979 40.23978 39.59117 43.55247 45.86523 43.195
40.73353 44.07654 44.94081 39.22452 34.80531 37.42175 36.12165 33.66248 30.78391 24.37331 20.83732 17.02676 9.048395 11.45303 19.41667 25.76676 30.63543 32.93473 35.47656 39.31533 42.81728 44.3889 41.55587 37.86749 36.86172 34.99657 36.91735 43.35964 47.88241 46.03089 43.05302 42.30893 40.59856 37.03004 35.71104 35.4368 33.0782 34.00008 37.58081 40.39212 42.88494 43.36973 41.82758 38.66483 36.13125 36.89728 36.38552 35.20328 37.39067 41.96353 42.63032 41.83317 39.9365 39.02504 40.20614 40.17046 40.19136 39.82187 38.89762 38.31155 43.38504 45.95581 43.61986
39.38577 41.04496 41.98364 38.56948 36.73232 38.25682 36.83812 38.60364 38.54794 31.06248 28.43593 26.68539 18.73238 3.459353 14.80767 23.77651 28.80811 31.12619 33.48299 36.87123 40.39623 42.73964 41.4528 39.56036 37.94682 33.52964 31.82222 37.33386 44.40406 46.57358 45.83786 43.72612 40.82362 36.54042 34.96359 35.74756 34.31542 33.83526 35.56564 38.34368 40.63088 42.43122 44.48119 42.88836 38.79804 37.27174 34.69505 35.20219 38.14351 40.77889 40.15671 40.18427 40.88466 40.5626 40.83674 40.07925 38.78633 37.1422 37.72497 39.25277 41.88639 44.03789 43.24439
37.8312 40.00116 40.07598 35.52308 35.28208 38.17892 34.9936 36.28575 40.62252 35.16751 31.41933 29.34517 27.04316 18.43269 5.204088 8.815639 16.12965 18.55981 24.969 31.672 34.64991 38.2241 38.73738 35.64693 32.33094 28.76494 25.81875 29.31316 35.35591 38.51448 40.25854 39.43166 37.53918 33.44577 33.53164 36.52475 38.36668 38.71299 39.03509 40.29972 41.06176 42.4343 47.4642 47.27098 42.31518 38.84044 34.86869 36.36378 38.86784 40.0796 38.79875 38.6415 41.13718 41.98274 41.51173 40.58488 37.60662 34.33142 37.46387 40.11827 39.32085 40.58177 42.116
34.84907 37.95737 38.47963 34.5923 34.4061 37.74081 37.41371 37.38576 41.37923 40.4245 38.23762 36.24645 30.79932 22.2396 15.98278 12.91895 12.93077 13.3411 20.12041 26.92684 28.06392 31.74585 35.67315 31.68903 25.41143 24.12591 25.05586 28.27771 30.83352 31.34955 33.55563 37.27192 38.70709 36.8408 36.52264 38.1059 40.32928 40.55219 40.36423 41.29257 41.19164 42.9832 49.44778 50.65484 45.58897 40.42855 36.86504 37.91626 39.21129 40.18814 39.28458 38.95191 41.07116 41.38927 41.19571 42.23849 39.60247 33.47321 35.03794 40.0576 38.94896 38.18633 40.44951
34.64304 37.81374 39.81545 38.42101 37.31715 38.31683 39.67249 40.82186 43.60433 44.2688 41.18784 42.52345 36.79592 26.99345 18.57369 18.85235 19.734 18.5204 25.69387 33.87521 31.9457 29.59997 31.86274 28.45289 23.06457 20.9445 23.23081 28.65174 28.9517 26.65758 28.76224 33.21666 35.42176 34.18844 32.48621 33.99729 38.54459 40.05603 38.51681 38.72904 39.1182 40.85655 48.23588 51.43596 45.83656 41.05973 39.47798 39.15672 39.64752 40.72747 39.29381 38.5829 40.1128 40.46756 42.21853 44.32664 42.23378 36.89721 33.24501 36.9478 40.55547 39.56609 39.13836
36.85929 38.39849 39.98434 39.90322 39.696 39.29213 39.68912 41.59 40.94687 37.43289 39.53936 41.0205 38.88868 32.25128 25.46109 26.29002 26.75295 27.1323 32.59182 38.74934 35.03117 30.55355 29.18021 30.05115 30.27805 25.41153 21.25141 25.39041 24.80956 22.41601 24.94373 29.30318 31.03252 31.59779 35.08708 37.26154 37.71476 37.70268 35.30439 32.68216 32.24918 37.8216 49.36817 53.04002 47.02819 42.69815 41.97883 40.92203 41.00182 40.49149 37.69698 36.80103 39.33754 41.698 43.84082 44.96734 43.07782 41.35689 38.67106 36.95965 40.33108 42.54 41.29646
34.29979 36.02125 36.91651 37.88095 41.11275 41.89317 41.49417 42.49187 40.7863 38.89454 40.36986 39.59888 38.82387 32.84188 29.83747 30.9228 29.53714 27.57402 31.708 38.26106 35.22417 33.70277 35.07331 35.9376 32.65749 24.06639 21.00581 21.53903 18.0715 15.89033 19.99267 23.98183 23.84918 26.0038 30.44092 32.68896 33.73132 35.85313 39.71546 37.59811 29.56725 36.33764 48.45966 51.27448 47.8647 44.77474 43.05237 42.33963 42.3619 40.42022 36.80339 35.28434 39.0051 43.40878 45.18462 45.84353 44.90462 42.38196 40.91687 37.92066 36.76473 41.88239 44.08916
32.46616 35.75995 39.21133 39.28153 40.2891 41.04304 40.39664 39.85134 42.84577 45.92878 45.32196 43.79904 41.22316 34.35247 31.19359 30.01764 26.79712 23.24317 29.95306 38.60064 35.3378 32.70522 34.2783 35.85548 32.72774 28.57021 29.37018 29.57489 26.44298 22.2573 22.62493 20.75439 10.58741 4.915037 6.454679 12.90643 21.46964 27.45149 36.37892 42.46103 38.40574 38.42903 46.09228 47.74831 46.01124 45.35506 42.77504 41.8303 42.37487 42.26212 39.09473 33.89668 37.35735 43.9327 46.14822 46.7579 46.41889 42.12254 39.00275 37.84791 33.72776 37.70864 42.56552
34.07881 35.18365 37.71835 37.65797 36.37682 35.85506 35.36621 35.59777 39.52658 43.99635 45.68105 44.83357 40.91741 36.91126 32.60195 28.66438 26.70535 26.5797 33.20184 40.48584 36.13233 33.42317 35.89219 36.78004 35.1137 34.23104 34.56875 33.93052 33.31886 32.93662 30.26759 22.98479 14.44191 8.932567 5.655431 4.281748 3.77701 9.305157 20.31714 38.38538 44.98599 41.99459 44.34967 45.26714 44.55758 45.47144 43.0745 40.60918 40.72226 42.91353 41.85247 33.35478 32.31355 40.51537 44.69975 45.81823 46.44862 43.22565 38.77579 39.51632 37.99859 36.33071 38.75232
34.49189 32.53938 32.30018 34.36109 35.77751 35.11 34.56911 35.27382 37.13239 39.57029 42.23932 42.96536 38.2652 33.68426 30.96569 30.79979 31.92663 34.13663 39.28646 42.71115 38.97728 37.83657 39.81178 37.69187 35.31705 34.64597 34.23749 33.65219 33.07826 31.89584 28.10964 22.38909 19.32795 19.88638 20.26971 19.9358 17.25005 12.05984 15.76356 31.98136 43.85736 44.94071 44.14903 45.03265 46.43497 47.20261 44.48341 41.12682 39.79975 40.89017 42.29418 35.3235 28.99395 35.6227 42.03295 43.52074 44.32533 42.85969 39.07144 39.41691 39.83146 36.83736 36.73117
34.28506 33.23274 34.02759 35.39797 37.93356 38.4641 37.34813 37.10456 38.52956 39.5567 40.75832 41.59145 36.30565 26.24981 26.86688 32.26999 34.55344 37.40752 42.29762 43.50359 39.94108 36.8147 35.59805 35.15357 35.13869 34.90132 34.35966 34.76349 35.13789 34.71199 34.00334 33.17891 31.44345 29.57904 27.53023 22.8488 18.5608 13.89537 10.39944 21.86883 37.8352 45.61475 46.61794 46.15094 47.45838 46.96264 43.70128 41.05239 39.78582 39.12102 40.2039 35.16878 28.66578 32.90533 39.95646 42.11807 42.27355 41.57944 39.01331 38.22775 39.61161 39.42182 37.36372
