examples/Input/rastert_slope_t1.asc
ncols         834
nrows         571
xllcorner     422808.52371438
yllcorner     4832948.6261134
cellsize      3
NODATA_value  -9999.
[rows 196 to 223 of 571, columns 315 to 377 of 834]
41.49002 38.91474 38.32445 39.72322 39.97759 38.70064 34.53083 34.66898 36.24072 35.73286 38.80672 40.17589 41.93063 43.89885 40.82699 33.20966 30.52192 38.94324 43.47825 36.85011 33.83348 37.94567 41.68419 42.4521 43.18679 39.03719 37.69291 40.62894 39.6594 40.82848 42.50331 34.81301 14.9404 28.72689 34.01675 30.99468 34.78055 37.52278 40.57333 43.6104 47.22129 44.70655 40.17104 39.92554 38.67627 41.20708 38.90514 39.28559 42.24562 43.44051 40.24825 38.00328 37.74655 36.12487 33.66222 33.83446 40.58552 45.0866 41.06595 34.11019 42.34853 48.04219 42.73446
41.93707 36.76541 31.62228 30.98977 31.84547 34.38351 35.40158 39.08111 38.38278 35.09661 38.7705 39.51583 40.9092 46.77144 47.45994 40.2822 34.23509 38.76944 43.77505 41.1385 34.8017 32.69702 39.6042 44.13225 43.0163 35.91332 36.40916 41.69059 40.69752 40.77316 42.67399 36.11522 19.60186 27.48266 33.72872 32.631 35.47348 37.41949 38.24899 41.61784 44.88317 43.35552 40.0519 45.76203 47.06247 45.46856 42.85473 42.74429 41.22828 39.74617 38.5146 38.87328 37.48891 31.24421 28.15726 32.31282 40.42874 44.438 44.75734 41.22242 42.87545 45.529 40.95108
40.99989 35.77178 29.0054 26.16321 28.1943 30.99912 34.42385 40.21836 39.64249 37.0833 39.68731 39.51231 37.7319 42.02488 46.67249 43.86396 38.46686 38.6968 40.35682 41.67549 39.77373 36.18904 40.96226 45.033 41.48045 34.17589 37.76888 43.25281 40.74599 38.9512 39.83593 36.81905 21.84925 26.05396 36.09015 36.1709 36.74553 39.31821 38.63454 39.77319 40.9942 39.81956 37.83625 42.68504 47.80708 45.26643 42.59533 42.55413 38.88154 36.96218 38.29777 37.97633 33.36325 24.4421 25.43309 34.14097 42.62936 46.57306 47.40641 43.43439 41.27339 42.4532 39.98969
37.80352 34.11962 32.15211 30.53294 31.85321 33.82026 35.61404 39.9483 39.16695 37.90193 39.3917 39.13989 38.89077 38.30923 39.48618 39.45095 37.90199 38.23068 36.09218 36.92186 39.1833 40.37923 43.30404 44.67265 39.04532 31.7378 38.34256 43.06332 38.44912 35.78862 35.0149 35.3313 26.52754 27.0669 38.06692 38.82599 38.21571 38.90197 39.20113 40.31306 39.8763 38.24487 36.00981 37.64524 40.66044 41.25541 40.65514 41.44929 37.96025 35.77558 36.47011 33.0383 24.69505 19.43933 27.55634 39.78106 46.48592 48.51446 47.38733 41.98735 40.11025 41.16452 39.60595
33.01857 30.72098 32.6092 32.71751 32.40976 36.24462 37.69357 39.56873 38.25007 36.37618 37.30828 37.4381 40.20147 40.10203 37.33947 36.97012 37.88613 36.30832 33.91449 33.89588 36.31256 40.63152 44.32645 44.89812 40.48057 36.00834 41.13581 40.76939 32.31859 31.96003 31.82702 30.80323 23.05051 24.7819 39.17876 40.50945 38.87336 37.52594 40.08374 42.36018 41.05958 38.29804 36.49908 38.83416 39.4277 39.79753 40.41081 40.57998 37.99823 32.95624 26.65101 24.38648 16.35432 19.99511 34.41627 44.22487 48.05023 49.16305 46.84155 39.07024 38.6757 42.25494 40.46236
33.85292 31.06971 32.4207 34.36848 33.0371 35.89719 38.51493 39.46946 37.40324 34.85748 35.96927 36.67366 40.64204 43.02288 41.37131 38.85551 36.42152 34.24407 33.93616 33.36548 35.00641 39.70155 43.38785 44.48188 44.05056 41.82581 40.56199 34.48819 26.01605 29.1455 31.04458 29.56986 16.17453 22.72686 40.28698 42.34351 40.56372 38.59572 40.71674 42.11255 39.77522 38.10246 37.19215 38.47756 40.22244 39.8306 43.51677 44.64037 41.04716 35.41337 27.66848 29.15354 30.98571 34.85102 38.90963 44.30376 49.07247 50.23351 44.78281 33.66581 37.64944 44.17414 42.04547
36.70098 35.01806 33.62732 33.66777 34.33722 36.52431 38.36671 40.09187 37.3511 34.73829 34.32605 36.34667 42.40802 44.36416 44.52036 41.99239 37.59952 34.97222 32.85382 32.74665 36.29729 40.04545 41.99231 43.36444 46.13259 43.53232 35.8737 31.52089 28.76188 31.01964 33.85674 33.55046 16.19045 26.29792 41.77278 43.8772 41.60566 39.19628 38.17045 37.79244 38.68436 39.0808 35.81495 35.52137 38.75604 38.46874 41.13924 44.5448 43.62833 44.99933 46.7565 47.53362 48.31013 45.4907 39.75934 43.63596 50.8558 50.52617 43.23066 33.87457 38.99289 43.67558 41.10101
36.05796 37.83989 37.18311 32.53217 35.16692 39.04823 38.67905 40.02382 36.71477 34.79675 32.4896 34.37436 42.50779 43.68152 44.49287 44.06701 42.71944 39.27966 31.90601 33.36824 39.09813 40.60932 41.11604 42.20403 44.87541 40.33974 34.69291 34.09185 33.49575 35.22089 37.18402 36.64682 25.97083 28.04826 40.36135 43.07574 40.70604 38.52592 35.19872 35.69123 39.50239 39.92706 35.10029 34.62799 38.17721 38.00343 37.33052 38.10287 40.08674 43.77334 48.8511 50.07635 45.50544 39.57756 41.84779 48.24739 51.11007 48.77245 44.17603 38.68247 38.66023 39.3924 39.757
34.06221 36.43891 38.85201 35.79241 37.4157 41.25312 40.41226 39.66558 35.32472 34.90802 34.61871 32.92194 39.38476 43.51455 44.14652 40.8157 41.95776 43.13145 34.77851 34.53026 40.77364 41.76403 41.69301 41.07851 41.74525 39.49093 37.33461 35.02538 33.15524 36.04908 37.16519 34.08311 27.73488 23.62629 34.96268 38.95276 37.92007 41.37296 40.50634 38.65849 39.55628 39.20939 34.71607 35.51793 38.69358 37.82854 38.16167 35.88442 33.86264 35.58733 41.99207 46.16678 43.94421 41.71706 46.0064 50.02105 48.78925 46.89157 46.10879 39.1415 33.59363 36.00134 39.82381
27.19701 34.80141 40.83432 38.83697 39.64832 43.33797 41.68551 39.10135 34.26755 35.05935 37.81796 33.3107 36.65827 43.18093 44.76148 39.16228 37.96082 41.4863 36.98808 34.29498 40.12679 44.30754 44.29762 43.58907 43.30954 39.94626 38.71008 36.92469 34.253 39.1689 39.95636 30.13249 17.45663 11.06677 29.52708 34.13051 35.60487 41.93094 43.62515 42.69373 40.76702 39.57192 36.48104 38.40664 40.64888 36.91814 34.32687 31.73236 31.529 37.48744 44.30157 46.2733 47.30106 48.25092 49.39696 47.60868 44.54156 44.94849 44.75855 36.95349 32.788 37.30184 39.79077
19.76701 27.61308 41.02288 40.62808 41.23794 44.33422 41.80938 38.28421 34.10437 34.48145 39.58297 38.33442 38.627 40.06376 41.78617 39.8059 37.17841 38.46096 36.38808 32.34007 36.47163 43.05395 44.57801 44.77187 44.14842 40.42338 40.13027 37.30146 32.38141 38.61243 43.68893 35.6104 18.27694 7.446646 28.7519 33.34306 36.187 39.98598 43.20922 45.1095 43.48749 41.94322 38.59683 38.86679 40.24637 32.78366 27.50239 33.817 39.50611 44.73619 47.97336 45.37399 45.23414 47.4769 47.59047 44.76801 42.37223 41.42933 39.77693 36.96455 36.53177 39.08815 40.35847
25.52689 23.22827 39.76674 43.65036 43.53231 43.52579 40.76739 37.52228 33.70966 31.99411 40.15422 44.03335 40.62003 35.93712 37.13579 40.36223 40.03313 38.4608 36.22897 32.44212 34.10443 40.80925 43.84801 44.36888 44.33718 42.56044 43.61801 38.2056 30.64137 33.91869 40.55432 40.96903 26.90948 11.41367 31.25852 34.96803 33.52067 35.07338 43.22887 47.7694 46.07223 44.04494 38.89598 37.12372 37.45845 29.35835 28.66045 39.81129 46.51218 47.78762 44.05369 38.25525 37.95232 39.81087 40.74763 39.974 39.92021 39.80729 39.29755 39.20117 37.41139 38.21234 40.26363
32.81909 28.07476 39.20395 45.49818 45.80513 42.72573 38.3245 36.25121 33.47281 29.62441 37.94845 44.65415 42.5412 37.40032 36.47011 40.27426 41.96084 40.21524 37.36374 34.58856 33.22736 36.91279 42.26969 43.88551 43.60664 43.77395 47.29322 44.47889 39.30259 35.59129 32.47735 35.11702 30.00495 15.5246 28.28925 31.5614 30.45162 33.06455 44.04983 50.7923 48.82533 44.80586 37.37747 35.03362 36.71025 33.05946 35.75927 41.87672 47.30661 47.142 38.36245 32.49332 32.84765 35.36926 36.63516 35.56235 37.17463 39.43284 40.71016 39.08039 35.73184 37.43586 39.72644
37.01662 33.97808 38.04369 44.58419 47.23555 42.14608 36.36449 37.05384 35.06282 29.72679 35.21762 40.90888 40.02452 38.23306 37.5465 39.79934 41.47137 40.37717 38.48707 36.55476 34.78827 36.24168 40.51977 42.72011 42.78814 42.78881 46.31412 48.93017 48.74759 38.83191 27.0582 28.15857 23.76512 10.60551 18.4202 25.60054 33.37176 37.49992 44.62135 51.98025 50.66376 43.54804 35.29793 34.33867 38.25179 38.51257 39.16755 40.75945 46.43381 47.18665 38.042 32.99829 33.66024 34.58889 35.0954 37.34732 40.33821 40.72329 40.17991 37.87257 35.4225 36.97602 38.31199
41.00697 37.94098 37.44722 42.73749 45.32623 40.59562 37.64196 39.49429 36.41735 31.30642 35.53223 39.06916 36.70137 36.39215 37.25639 39.57987 41.78915 41.63594 40.39712 37.3204 36.49547 37.84553 37.70539 38.03831 40.75553 43.26468 44.81423 46.86019 50.28751 47.22003 37.85365 32.45656 23.88848 10.20391 13.46094 20.85512 40.25764 47.13787 47.90944 51.23883 48.69021 40.39993 35.32314 34.44021 37.46159 40.45463 38.24641 38.88739 46.12757 48.15664 40.4533 35.03495 35.48463 35.40247 37.96217 42.07527 43.4392 42.66789 42.00155 40.3729 37.85487 36.12347 37.1117
42.82348 40.49878 39.23761 40.34585 40.00506 39.27441 39.38083 39.68724 36.42602 34.80053 38.84608 40.61077 36.73586 34.17814 33.97867 38.41996 43.4591 45.14018 43.95815 39.03974 37.35051 39.21375 37.28634 35.71066 38.48698 43.58315 46.20116 43.28154 44.0406 48.60516 45.15792 38.31273 30.79058 14.74579 11.07843 19.15162 43.03797 52.53337 48.52139 43.82255 41.98844 39.87424 35.15208 30.84265 35.32927 41.5354 39.60688 41.26808 48.08148 49.78073 43.89023 35.52374 33.78986 37.83783 42.00042 43.37634 43.71289 44.41115 45.19929 44.34047 41.18319 37.03484 36.42594
43.29802 42.02879 40.82072 38.19902 37.27677 40.49221 41.63174 38.93915 35.71675 36.82464 40.87463 41.95189 38.21718 33.74255 31.30816 33.39661 38.55915 42.68201 43.86264 41.73292 40.88443 41.24501 38.99529 36.95987 36.85844 40.29151 45.51915 44.41317 41.71722 46.58955 45.23237 37.79781 31.68664 16.60554 6.714245 20.21517 42.47757 53.56277 47.49641 35.90726 39.75409 42.3262 33.43618 30.08421 36.0672 40.94071 39.89436 44.54158 50.28548 50.01 43.9347 36.73336 36.31672 41.92049 42.81678 40.3286 41.25756 44.10675 46.15944 44.84792 41.70696 39.09906 38.25078
42.34211 42.36042 41.95585 39.32973 38.39865 41.00046 42.57113 39.9806 35.17123 37.13186 43.24931 45.9825 45.09477 41.33757 33.03379 25.42597 30.32918 36.85307 39.33804 42.0507 42.84344 41.82171 40.10838 38.57094 36.46331 35.92596 39.92934 42.05749 42.06314 45.46783 44.87205 39.38745 33.46883 19.05966 6.131823 23.38866 39.82582 48.96614 47.90931 39.66549 40.56548 42.7085 34.10061 33.67048 40.43077 42.19027 42.04945 46.37529 49.05006 48.07259 43.93916 39.40396 40.16588 45.1661 42.13052 35.4962 38.16877 42.86702 45.05178 42.41565 39.66131 40.01968 42.82631
39.95982 41.55229 40.20511 37.83232 39.57396 40.81992 40.67471 41.40061 38.52141 36.94481 41.57346 45.7761 46.71764 45.30502 39.23303 30.2224 30.59969 35.26653 38.59053 42.34011 42.66444 40.70346 39.1255 38.20384 37.1517 36.40045 37.41621 40.93138 43.07861 43.92641 44.31135 41.41861 34.55041 18.35632 9.135314 21.16462 36.5451 44.28539 45.76941 41.76808 40.25553 41.1944 37.98828 38.95626 42.44959 42.14588 43.39876 45.5999 45.10376 46.67666 46.29057 41.7042 40.7599 46.14277 41.04456 33.344 39.68166 41.94648 40.50819 37.98259 39.85665 42.83903 45.05497
39.11689 40.26035 38.4353 37.40125 40.29983 41.64684 39.237 39.22428 38.74431 34.95952 35.62822 40.38675 43.06818 40.72903 37.69028 36.53292 34.85954 36.11066 41.05494 44.48282 43.35749 38.71355 35.09273 35.33036 37.92025 39.4563 39.02653 41.23846 43.21798 43.49172 44.04669 41.65414 32.62384 15.85405 8.35569 13.99051 34.96151 46.26282 46.67722 41.97335 40.14404 40.90683 40.23738 40.31162 42.59114 42.53286 43.41768 44.02997 44.13265 46.71251 46.06875 41.90891 41.12524 45.20986 40.71424 35.52557 40.82326 41.06928 38.67677 34.58832 35.70559 39.71189 41.0786
41.48858 40.1193 37.71229 37.85043 40.22172 41.61906 39.5824 37.21429 36.20519 31.49496 31.18883 41.08369 44.91082 36.50325 29.51253 33.37902 36.28722 38.37836 42.30084 45.24498 44.14386 37.63054 33.03022 34.8436 39.64103 40.73976 39.71241 41.55576 43.85596 44.81053 44.85687 41.27835 29.33457 11.60367 5.297986 10.20831 35.84449 49.08866 48.28194 42.23208 38.72501 40.57003 41.54937 40.95712 43.11295 42.55162 41.34591 43.98885 46.28952 46.00274 44.15359 42.21215 41.38076 42.87826 41.40212 39.40996 40.00429 38.74262 38.94952 39.88364 31.88371 30.70311 36.78629
44.12102 42.92039 38.47686 37.39087 38.92973 41.35826 41.54352 38.49784 36.44955 30.71429 30.3959 41.74556 44.65738 37.74343 29.97528 30.6357 34.07659 38.87182 42.05745 43.57515 42.34953 38.17796 36.26946 37.68465 40.02919 39.93935 39.81393 42.25331 45.83402 48.02991 46.24825 39.69273 27.61028 9.980651 1.829209 14.39394 37.72699 49.56721 49.54648 42.91538 37.70071 41.80264 44.00494 41.34539 41.83725 40.86552 40.41884 45.11232 47.23937 45.75516 44.55682 42.66615 39.74809 40.77882 41.74093 40.94169 39.07295 36.49826 38.10941 42.37635 37.63778 32.42789 38.74062
41.80332 44.25096 41.1792 37.85953 36.45778 40.32105 42.77859 40.01043 38.5168 33.53758 34.22096 41.06247 42.52066 40.83175 35.34142 31.89843 32.3635 35.9248 39.9564 42.20855 39.93444 36.15951 38.49427 39.96645 39.74422 38.94471 38.49309 42.07161 48.52865 51.64339 46.35079 35.69811 27.43086 14.07115 9.115664 20.27143 39.78889 50.36563 49.35401 43.41322 41.32198 45.23048 44.91579 39.37256 39.15695 41.03753 41.82825 44.82775 46.75016 46.68481 45.82157 41.7887 37.67811 39.89714 40.7302 40.01998 39.39634 37.46764 37.69034 41.19307 40.38578 39.26678 41.99954
37.6558 41.07358 41.73659 39.35475 35.80634 37.84141 40.40047 39.0587 39.65092 36.62944 36.38165 40.2333 40.69685 40.61089 38.62548 36.24079 34.17034 32.79592 36.81377 42.33493 39.71144 35.25745 38.7902 40.65915 40.03729 38.68648 37.29552 41.2104 50.6254 52.69314 44.48486 35.23597 29.40842 19.77924 14.60322 26.42243 42.39196 49.70986 46.86584 44.32068 46.06382 46.0298 42.46812 37.55432 39.15993 43.31583 43.18442 42.60869 44.96548 47.42285 46.62181 41.46592 37.82581 38.77755 38.0748 39.34354 41.67267 40.38572 37.99144 40.69289 40.9718 40.63169 44.46395
37.90059 38.16066 40.79818 39.71754 36.01839 37.12 39.16998 38.43453 40.48549 37.59974 35.5852 39.33674 38.83895 38.41875 38.83018 38.76926 37.43687 34.01825 37.50016 44.09879 39.04213 34.09645 38.44997 40.21604 40.39967 39.10278 37.71152 41.77115 49.67668 50.05844 43.35913 35.83113 29.89504 20.12857 11.93789 29.81813 41.36892 45.31491 46.28177 47.36652 47.31553 43.80532 40.00068 35.79104 37.95674 43.75914 43.45824 40.4861 42.52542 46.91837 46.70372 42.52335 38.14083 36.31526 36.9141 40.66211 43.69678 41.86531 38.96251 40.40042 39.36562 39.87477 45.36843
40.73438 38.84361 41.0721 39.87826 34.87043 37.4747 41.48454 41.05903 40.55512 35.83194 34.45081 37.97441 36.51917 36.51957 37.419 37.51517 38.26785 37.35879 40.57008 44.8117 38.64213 34.70431 38.54539 39.02522 40.02924 40.19367 39.96026 43.08619 45.77504 45.13354 41.63049 35.50647 31.65086 25.55238 17.59673 31.48077 40.61032 44.06496 46.86394 48.01409 44.98011 41.90287 39.98302 34.01023 38.05341 45.98311 44.20948 38.8669 40.10963 44.0542 45.27552 42.34785 37.83381 37.49322 39.30304 41.71605 44.45732 42.63992 39.31048 38.95057 37.83368 41.13214 46.98316
43.09767 40.49157 41.39739 41.21888 37.25098 38.74646 42.04989 41.58852 40.33102 35.63094 34.51751 37.40283 35.68856 35.12613 35.50894 35.5475 38.52341 41.21395 41.47151 42.90303 40.27722 38.69426 40.40776 39.92785 40.65804 41.1946 39.98442 41.65473 43.54173 41.22379 36.74626 33.65151 32.34265 29.91472 28.7858 31.9795 40.72512 43.74815 43.87237 45.18043 42.96024 41.71352 41.23256 35.04539 40.42084 48.18526 43.86752 37.76363 38.97866 39.7408 40.94572 40.59092 39.64523 42.17278 42.15373 41.84491 43.17432 41.55573 38.69572 38.13061 38.59328 41.0564 44.80423
43.56581 41.18727 41.19466 42.16728 40.97417 40.48854 40.57173 39.1666 40.31259 37.36301 36.09145 38.57161 36.20224 33.94891 34.75961 36.75018 40.26796 42.39513 40.81774 41.41337 41.89215 42.13606 43.20912 42.67263 40.60897 39.14751 36.6831 40.05111 42.75037 38.16582 32.55064 28.83757 27.96181 25.92255 27.08088 25.31938 33.86933 39.47485 41.33606 43.69091 42.81551 42.46932 42.54232 37.3861 40.99242 47.32698 43.47668 39.51443 38.6454 34.88211 34.50403 39.02839 41.54242 43.70994 44.34251 43.23667 42.19851 41.71014 41.37579 39.69731 36.45441 37.21767 42.6642
