examples/Input/rastert_times_f1.txt
ncols         834
nrows         571
xllcorner     422808.52371438
yllcorner     4832948.6261134
cellsize      3
NODATA_value  -9999.
[rows 196 to 223 of 571, columns 693 to 755 of 834]
117.8441 115.8768 113.7115 111.6727 108.9262 107.0858 103.6879 100.9782 99.10488 97.82925 97.93392 98.67574 99.66595 101.7648 104.0041 106.4409 108.6184 110.1199 111.1366 112.0412 113.0712 113.9268 113.9596 114.4266 114.7531 114.3317 113.2702 111.5809 109.5413 107.5232 105.147 102.2338 98.62224 96.67559 94.75092 93.20381 92.9488 93.9607 94.65405 96.4146 98.55685 100.8695 102.4033 105.4059 108.2071 110.9782 112.1404 113.2729 113.6057 113.57 113.3908 113.3703 112.4669 111.456 109.6533 109.3556 109.1414 108.8349 108.343 107.3175 106.3308 105.3642 103.6757
117.0501 115.2053 113.1473 111.1129 108.1292 105.3198 101.082 98.98574 97.3063 96.04843 95.6523 96.63619 98.14976 99.49432 101.9984 103.2449 105.5286 107.4842 108.9842 109.8327 110.6993 111.0986 111.7108 111.9164 112.2754 112.7007 112.0695 110.784 108.2277 105.9066 103.0768 100.1408 97.1326 94.4756 92.59406 91.56859 90.62144 91.51937 92.61266 93.61668 96.71947 99.63434 101.7153 103.1526 105.0136 107.8972 108.6807 109.9116 110.7368 110.7877 110.5564 110.3584 110.0635 108.109 107.1365 106.7213 106.4124 106.0668 105.9607 105.1376 104.2895 103.0868 101.8959
115.8587 114.3106 112.8684 110.416 106.7325 104.283 100.3338 97.53342 95.95061 94.42557 93.73647 94.6535 96.92085 98.62031 99.03281 101.389 103.2542 105.0959 106.8298 107.5532 108.6243 109.2767 109.4793 110.7065 110.8895 110.8996 110.3621 108.3253 105.2858 103.371 101.35 98.05598 94.82572 92.88506 91.00436 90.39907 89.77157 89.65311 90.45356 91.7129 94.23329 96.96696 99.84322 102.8609 103.7409 104.7864 105.4392 105.6972 106.5866 107.5449 107.4351 107.3088 106.6142 105.5045 103.6656 103.5592 103.6177 103.7018 103.7866 103.0101 101.7373 100.4488 99.63973
114.2715 113.3137 111.5926 108.7834 105.4113 102.9049 99.3647 95.59299 93.96026 92.62052 92.02548 92.85187 94.41872 95.98932 97.86125 99.53741 101.524 103.3764 104.7417 105.362 106.0028 106.7103 107.3657 108.5866 108.5275 108.1667 107.2949 105.9884 103.5024 101.2271 99.03015 95.75628 92.86667 91.2347 89.76435 88.27123 86.95793 86.58571 88.40919 89.80428 91.70371 93.71961 96.64239 99.54646 101.1011 102.2789 103.0328 103.827 103.9418 104.2533 104.366 104.5851 103.9609 102.524 101.2262 101.1754 101.2298 101.3074 101.1794 100.5208 99.24202 98.22744 97.23885
113.7889 111.7105 108.6906 106.4846 104.2337 102.2529 98.44968 94.16251 92.21026 90.77988 90.00191 90.85056 91.98039 94.12534 96.33732 97.92101 99.76369 101.6456 102.5637 103.1737 104.2398 105.0219 105.6662 106.0789 106.2502 105.0921 104.6278 103.5619 101.4828 99.41087 97.25986 94.70001 92.16445 89.95421 88.70084 86.77203 85.62452 85.03088 86.89682 88.1803 90.14854 92.50544 94.88112 97.47279 98.9376 99.439 100.4972 101.0606 101.4134 101.7851 101.8855 102.144 100.6419 100.0187 99.52801 98.75116 98.81653 98.82616 98.30292 97.78124 97.20905 95.67565 94.95168
112.4899 109.1842 105.711 103.4285 102.0281 100.5244 96.22832 92.84756 90.65037 89.53898 88.88667 88.52402 90.15588 92.47055 94.78728 97.10828 98.41836 99.72846 100.5145 101.2817 101.8568 102.5826 102.9565 103.5625 102.7962 103.0902 103.4711 101.8028 99.7878 97.7126 95.62502 93.08379 90.54984 88.03152 86.8025 85.65596 84.10445 83.69035 85.67474 87.00948 89.86186 91.91525 93.28825 94.78614 96.28478 97.84922 97.42113 97.87842 98.61459 97.82572 97.26056 97.64745 97.86246 97.8053 97.31636 97.06846 96.38509 95.97517 95.59514 95.0433 94.49552 93.47258 92.83356
109.8212 106.5539 103.3449 100.2584 98.94918 97.87863 94.96819 91.55132 89.61952 88.73592 87.84671 87.0345 88.52863 90.77578 93.00363 95.37103 97.26172 97.80859 98.63017 99.70751 100.5749 100.6899 100.7972 101.0431 100.8663 102.1236 102.5262 99.9664 97.99058 95.98624 93.91708 91.44602 88.9052 86.9369 85.19592 84.10411 83.03184 82.28925 84.54077 86.66541 89.57772 90.91406 92.07273 92.95531 92.72797 92.66979 93.22327 94.26891 95.61306 94.03781 92.77108 93.26464 94.33052 94.80689 94.86108 94.64981 94.41473 93.29906 92.86012 92.44631 92.13995 91.51301 90.49417
108.2157 104.3664 101.3778 98.65803 96.03404 94.60321 92.49312 90.65475 88.86179 87.28078 85.84066 84.79029 86.31621 88.77378 91.18113 93.64296 95.49177 96.58004 97.15888 98.25381 98.38744 98.35641 98.38401 98.324 98.87804 100.2677 100.7323 98.91693 96.40894 94.26063 92.20258 89.82281 87.93124 85.10273 82.57272 82.53901 81.52216 81.35429 83.45351 85.504 87.43045 89.01786 90.76022 91.91454 92.0053 91.80134 91.57042 92.97397 92.34655 91.22005 91.35664 91.85754 92.27351 92.37517 92.5112 92.78816 92.56319 91.99981 90.99893 91.07574 91.28889 89.90901 88.66418
107.0551 103.3598 99.43531 96.83955 94.29794 92.55951 89.91489 88.73529 87.11897 84.54684 83.0255 82.27153 84.09243 86.06244 89.06162 91.63482 93.31973 94.5955 95.65069 95.79242 95.87885 95.53439 95.43795 95.31493 96.63245 98.12606 98.30441 97.06217 95.57266 93.13201 90.34649 88.26728 85.0826 82.04898 79.87459 77.87662 77.8515 79.91246 82.29691 83.48222 85.00122 86.91444 88.93515 90.21602 91.16711 90.98563 90.74799 91.14275 90.25709 89.10629 89.49424 89.80148 90.2785 90.84573 91.18998 91.43645 91.21371 90.20245 90.09008 90.53602 89.7199 88.31327 86.93289
106.0924 102.7347 97.84715 94.90372 92.34045 90.90542 88.77319 86.16096 84.30634 82.27273 80.23843 79.86034 80.53729 82.30128 85.51635 88.7915 90.981 91.92901 92.38838 92.394 92.91065 92.69505 92.23731 91.9743 93.35178 95.21949 95.62071 94.87891 93.39538 91.61816 88.24911 84.898 81.49625 79.0124 76.84105 74.63605 73.76142 76.64227 80.06659 81.57439 82.81382 84.5437 86.23483 88.22112 90.06373 90.16211 89.85519 89.31126 88.01916 86.75133 87.14269 87.7236 88.48064 89.20345 89.77901 90.1227 89.86826 88.76254 88.8519 89.64468 88.07011 86.73441 85.34222
104.5646 101.0269 96.62786 92.7247 90.353 89.02647 86.9573 84.44408 81.63755 79.92387 77.57501 76.38233 76.5694 77.57866 81.01069 84.41698 85.77938 87.08495 88.91942 88.71966 87.78762 87.93794 87.98125 88.16877 89.56252 91.10842 92.74263 92.72493 92.27709 90.64227 86.49959 81.95673 78.2723 75.64439 73.23962 70.93274 71.03066 73.94548 77.22683 79.40705 80.41985 82.08202 84.09056 85.9244 87.74952 88.79385 88.5738 88.09265 86.7366 85.18255 85.05646 85.85896 86.44587 87.28902 88.21238 88.78728 88.49834 86.84153 87.13397 87.38256 85.65569 84.40409 83.13921
103.3148 99.23477 95.34686 92.16416 88.77695 86.81672 84.77849 82.75034 80.21535 77.9727 76.21203 74.66829 74.48677 74.81778 75.47497 77.34826 81.23875 83.6448 84.95618 85.14558 84.51323 84.07439 84.49439 85.00934 86.50372 87.59638 89.04417 90.77145 89.76993 87.51581 84.12167 80.24581 75.69263 72.86985 70.25487 67.68833 68.71183 71.62289 74.97356 76.20303 78.03108 78.76434 80.65248 82.47671 84.25445 85.60373 85.72002 85.88522 84.95187 83.24758 83.64696 83.5829 84.52603 85.81643 86.5638 87.37881 86.82101 84.93412 84.43096 84.5182 84.00982 82.02576 81.05892
101.6098 97.99541 94.79678 90.8259 86.87346 85.14487 82.87009 80.80543 78.78679 76.55793 74.62223 73.5609 72.65047 72.91123 73.5309 75.1037 77.50606 80.07558 80.86665 82.2278 81.87744 82.04682 81.41271 81.9331 83.25926 84.6151 85.27264 85.75584 84.35143 81.3839 79.55956 76.73914 73.23008 70.32744 67.42328 65.23367 66.67874 69.68082 71.87828 74.25061 75.709 76.48193 77.20911 79.03295 80.6638 82.17259 82.55531 82.89143 83.02802 81.28314 81.34573 82.24558 83.01968 84.74942 85.69129 85.36777 84.71249 82.94184 82.32603 81.8751 81.56007 80.59638 79.35647
99.92662 97.43265 93.59809 88.55502 85.37115 83.6217 81.33212 78.96783 76.88017 74.95576 72.75612 71.56859 71.43022 70.82009 71.42546 73.63126 74.72551 76.66909 78.13021 79.01825 79.31667 79.5914 79.84142 79.41743 79.7991 80.46134 81.36593 81.46526 80.18905 78.87742 77.0034 74.54298 71.52405 68.28543 65.52798 62.9189 64.90078 66.59756 69.56142 72.20622 73.46171 74.06805 74.73177 75.54452 77.07027 78.79992 79.54993 79.89328 80.23895 79.90701 79.32319 80.30188 82.0708 83.09367 83.53448 82.96417 82.48453 80.9475 80.47082 80.02486 79.44034 78.82218 77.69273
98.40717 95.61265 91.26888 86.98904 83.82694 82.07638 79.77739 77.38098 75.10807 73.16483 71.3201 70.1331 69.38239 69.1447 69.19943 69.71217 71.80738 73.35869 74.80779 76.31864 77.00919 77.3008 77.47937 77.64573 77.0461 77.45826 78.06098 78.91264 78.85688 77.77548 76.42045 74.13681 70.73166 66.92925 63.83286 61.40641 62.62605 65.03222 67.21635 69.24255 70.34947 71.14187 71.94624 73.09469 75.318 77.58965 77.43043 77.28951 77.17293 77.44779 77.26711 78.8399 79.86957 80.03777 80.38873 80.46853 80.10901 79.02663 78.56617 78.10295 77.6096 76.75519 75.80006
96.17113 93.16785 88.87323 85.16357 82.54153 80.53532 78.22219 75.81186 73.68011 71.60802 70.4679 69.21782 67.90591 67.55619 68.30258 68.70947 69.70858 70.82672 72.06228 73.55691 74.26349 74.65576 74.75862 74.94604 74.5564 74.7822 75.42718 76.65025 77.6693 76.9603 75.50639 73.3961 70.06881 65.35323 63.18659 60.26618 61.17313 62.97142 64.3543 65.99388 66.78844 67.61057 69.00578 70.50217 72.51542 74.71857 74.81087 74.74976 74.71001 74.66987 74.92111 75.69167 76.47692 77.27928 77.4643 77.34995 77.40191 77.11903 76.71614 76.21012 75.55777 74.69805 73.22318
93.71547 90.98048 86.89685 83.7126 81.20919 79.10773 76.65633 74.26336 72.23083 70.83567 69.07468 67.85976 66.73633 65.9912 66.24621 66.20139 67.836 68.72046 69.68423 70.88032 71.29816 71.3215 71.56324 72.11688 72.44479 72.55373 74.04119 75.05834 76.59951 76.18047 74.19884 71.88134 68.88712 67.18529 63.39498 58.89276 58.36738 59.96767 61.44085 62.43032 63.41945 64.89586 66.38669 67.77874 70.41713 71.20987 71.58483 71.68777 71.60375 71.5618 71.74226 72.51102 73.28018 74.04944 74.76001 74.10434 74.16364 74.10285 74.89914 75.05338 72.77555 72.14177 70.75511
91.35323 89.06323 86.04202 82.76652 79.64387 77.88251 75.0556 72.72318 71.37061 69.41563 68.10278 66.67866 64.68352 64.56726 64.48167 64.67553 64.82343 66.23746 67.23103 68.07504 68.3296 68.37247 68.40128 68.71847 69.48489 70.52557 71.50528 73.17699 74.46076 73.57198 71.5471 68.9864 68.341 65.69978 61.96996 58.02625 55.37918 56.84293 58.33662 59.33003 60.80608 62.27614 63.76796 65.26836 66.50626 68.89156 68.16116 68.55197 68.67834 68.48516 68.65971 69.3379 70.10889 70.76338 71.30385 71.79219 70.84673 70.87754 71.004 70.82793 69.92876 69.52635 68.48815
89.60967 87.89151 85.12389 82.19753 79.1822 77.12351 73.69817 71.67095 69.77502 67.98331 66.70835 64.9487 62.92232 62.53857 62.83051 62.88765 63.01322 63.45562 64.43561 65.05818 65.55289 65.61227 65.65409 65.95113 66.60657 67.52924 69.34756 69.62318 70.5404 70.00804 68.68687 67.67312 65.01851 62.39582 59.75988 56.3898 54.0042 54.96496 56.42677 57.0713 58.14414 59.61729 61.08376 62.13721 63.54918 65.45176 65.80422 65.12796 65.47151 65.68774 65.5685 66.11845 66.72034 67.25399 67.81416 68.17149 68.51368 68.29957 67.87066 67.49844 67.06523 66.60849 66.01614
86.20488 86.24254 83.51108 81.04291 78.67518 76.93362 74.7935 71.25996 67.96157 66.14598 64.82563 62.86724 60.99229 60.52322 60.84729 60.66091 61.09887 61.33907 61.38897 62.55556 63.03585 63.0821 63.41686 63.86449 64.26498 64.64084 65.80187 67.29326 66.85525 67.02975 66.61182 64.37206 61.74899 59.12476 56.50501 53.83485 52.95878 54.09784 54.75896 55.40448 56.32475 57.20828 58.05827 59.52109 60.73623 62.08049 62.42428 62.89458 63.0303 62.59616 62.70998 63.55974 64.05761 64.51935 64.90224 65.32364 65.77747 66.44707 64.53972 64.45519 64.08622 63.79934 62.77356
83.25706 82.74485 81.82152 79.12852 76.81212 74.28078 73.46671 70.30354 66.5317 64.47212 62.87836 61.08177 59.40975 58.35233 58.13652 58.17677 58.10857 58.25919 59.06712 59.92955 60.38279 60.68439 60.90523 61.21206 61.5187 61.95372 62.86556 64.00826 64.16523 63.18106 62.69637 61.44321 58.81746 56.19295 53.56626 51.39317 51.30076 52.53379 53.38266 53.56435 54.30907 55.23533 56.21094 57.1544 58.07066 58.71738 59.54684 60.45877 61.08733 60.64829 60.98802 61.4045 61.60055 62.46794 63.10522 63.5066 63.71235 62.8837 62.01561 61.63102 61.54637 60.54766 59.45586
79.07281 79.64939 78.11226 77.11372 73.45207 70.69852 69.73741 67.59615 65.02718 63.2833 61.15713 59.4719 57.81955 56.46829 56.27092 55.8269 55.8279 55.89882 56.39465 57.54003 58.038 57.99124 58.12623 58.43307 58.73968 59.24055 60.02939 60.62656 59.93956 58.96696 58.98428 58.45143 55.82463 53.20074 50.69095 49.42971 49.06792 50.39022 51.28566 51.15315 52.01747 53.00245 54.00462 54.97712 55.96938 55.79417 56.84629 57.88858 58.89902 58.71658 58.76768 58.86774 59.0439 59.24013 59.66574 60.63361 59.98649 59.28808 59.27024 59.02344 58.28693 57.18181 56.09094
75.19321 74.84601 74.11761 72.90884 71.56218 68.70941 67.41946 65.35479 63.56459 61.81266 59.55405 57.84338 56.27143 54.69598 53.96352 53.46057 53.6658 54.07498 54.69419 56.2185 55.84737 55.6994 55.71401 55.71762 56.00121 56.57901 57.08074 57.2557 56.62691 55.8072 55.33803 55.53751 52.8774 50.24945 48.6988 47.48394 46.84526 48.35416 48.84782 49.62079 49.90646 50.79469 51.75853 52.69926 53.43257 52.93021 53.84844 54.80269 56.23793 57.18732 56.7341 56.22086 55.88962 56.28984 56.73071 56.83493 56.22654 56.10902 57.19659 57.60372 55.35387 53.66363 53.08667
72.35226 70.91573 70.15018 68.92419 68.01667 66.77639 65.61047 63.48801 61.62196 59.9183 58.15313 56.05269 54.57627 53.52102 52.43322 51.47107 51.82772 52.26587 53.03084 53.97245 53.99558 53.23631 53.31795 53.34322 53.35891 53.6146 54.25343 54.50954 54.27466 53.20551 52.76724 52.24747 49.92728 47.94645 46.75374 45.54059 44.61037 45.46816 46.53408 47.45434 48.28017 48.40363 49.25002 50.06852 50.95683 51.46558 51.01019 51.57673 53.57244 55.18607 55.27179 53.55149 52.75192 52.08921 52.1623 52.56488 52.76538 52.72604 53.5509 53.9757 53.56144 51.49017 49.5915
69.38669 68.53506 66.749 65.9306 65.05343 63.88835 62.92118 61.47968 59.49293 57.94819 56.23448 54.70888 53.3104 52.00525 50.87587 49.98668 49.99974 50.45795 51.33674 51.56684 51.59157 51.61642 50.82704 50.76171 50.73281 50.75825 51.41659 51.95948 51.93892 50.84711 49.99662 49.80171 47.19216 46.00766 44.87848 44.07021 42.78136 42.51548 43.6754 44.44785 45.78512 46.51948 46.5509 47.43786 48.32462 49.15382 48.08277 48.36494 49.69346 51.47643 52.67182 51.20894 49.50097 48.86597 48.87756 49.13216 49.26278 49.45302 50.64001 50.75246 50.61203 49.82767 46.70383
66.86353 65.74976 64.79783 62.77087 62.03144 60.9558 59.9913 58.79398 57.34387 55.83292 54.66818 53.61649 52.35814 50.63539 49.90863 49.08503 48.297 48.60888 49.12236 49.10802 49.03606 48.95742 48.98713 48.04173 48.13838 48.01106 48.54694 48.95435 48.84499 48.55603 47.68277 46.80046 45.99503 44.55847 43.82092 42.50127 40.58051 39.10104 39.71856 41.89981 42.8968 43.77795 44.68638 44.66612 45.54649 46.61679 46.13029 45.62164 45.8092 46.87564 48.59017 47.81828 47.29602 45.73433 46.09441 46.12498 46.05569 46.00801 46.63721 47.1678 47.20577 46.02826 44.90777
64.11859 62.87874 61.89546 60.79245 59.26545 58.36501 57.40229 56.21386 55.01445 54.26862 52.98959 51.85848 50.87236 49.67536 48.54744 47.51891 47.30701 47.56754 46.75939 46.41566 46.33444 46.27958 46.21191 46.02566 45.54735 45.38887 45.48397 45.74916 45.45404 45.47966 45.05588 44.14792 43.38123 42.86935 41.32071 40.32401 38.97173 37.19234 36.91465 37.59848 39.50735 40.47262 41.7281 42.81623 43.93175 44.83453 44.93964 45.06517 45.28523 45.53104 45.26571 44.7213 44.25147 43.74341 43.03664 42.923 42.82907 42.76863 43.18695 43.74727 43.73167 43.52531 42.6591
61.11801 60.05216 59.19027 58.54517 57.73854 55.9786 54.97663 53.78391 52.83287 51.91885 50.93621 49.92492 48.97058 48.05037 46.37849 46.11934 46.32103 46.63907 46.29807 44.61173 43.67618 43.57914 43.5083 43.65042 43.30352 42.65121 42.27968 42.11624 42.14857 42.19762 42.27193 41.47472 40.88218 40.24084 38.43997 37.50632 36.74805 35.48681 35.2599 36.1339 36.94581 38.47147 40.04918 41.59279 42.08149 43.49084 44.10958 43.74785 43.41545 43.08603 41.84253 41.24787 40.97821 41.19143 40.29066 40.17107 40.08652 39.96151 40.13641 40.49406 40.30738 40.0092 39.8441
