examples/Input/rastert_times_f1.txt
ncols         834
nrows         571
xllcorner     422808.52371438
yllcorner     4832948.6261134
cellsize      3
NODATA_value  -9999.
[rows 532 to 559 of 571, columns 504 to 566 of 834]
341.1615 343.6615 345.1801 345.007 344.195 342.4578 340.3851 338.3075 336.1982 333.7162 331.1063 328.4196 325.4133 322.8355 320.926 318.9577 316.7325 315.185 312.979 310.0164 308.2009 306.9774 303.0157 301.4801 299.9594 298.3017 296.3207 294.2543 292.3489 291.7686 291.2578 290.9169 290.1413 291.7757 292.6522 292.3771 292.4022 293.6476 294.9196 296.0706 297.0952 297.8244 297.2799 295.083 292.7318 290.6388 288.8982 287.3198 285.9948 284.2891 282.7365 281.8287 279.6354 278.7716 279.2562 281.7809 283.6897 285.7355 288.3792 289.8768 291.6645 294.1096 296.3212
339.7338 341.3985 343.3047 343.7457 343.2899 341.1961 339.2809 337.3793 335.1945 332.6731 330.0384 327.3609 324.696 322.1173 320.1306 318.1282 316.5679 314.5068 311.7894 308.8502 305.3166 303.1191 301.239 298.8817 297.3385 295.8888 294.0397 292.0093 290.6422 288.9641 287.8948 287.8723 288.5349 289.2655 289.6325 289.9242 290.3645 291.3961 292.6357 293.5335 294.0198 294.5929 294.6307 292.8237 291.2048 289.1401 287.1287 285.5122 283.8424 282.2303 280.6936 279.5042 278.4509 276.2696 278.0697 280.0921 282.3864 284.9806 287.0172 288.762 290.3352 292.643 295.4784
338.3491 339.5104 340.6441 341.4669 341.9277 340.0991 338.1739 336.1866 333.8723 331.5183 328.9631 326.4286 324.0551 321.6327 319.3272 317.9587 315.6249 313.6842 310.9765 308.1546 304.9247 302.2296 299.9494 297.1536 295.1116 293.4649 291.7268 290.2929 288.1814 286.5943 285.6518 286.0411 286.7404 287.7794 287.5468 287.7195 288.2946 289.1791 290.3239 290.9538 291.6283 291.7111 291.7303 291.0803 289.7595 287.7527 285.587 283.3939 281.9293 279.9702 278.5947 278.0624 276.7766 275.0854 276.4641 278.6623 280.7033 283.4148 285.4682 287.6134 289.356 291.2647 294.2062
338.3871 339.2469 339.9385 340.8315 341.1804 339.2929 337.2732 335.2123 332.8538 330.4815 328.0694 325.8285 323.3551 321.271 319.1678 317.1393 314.6172 313.0349 310.3741 307.4555 304.3562 301.4441 299.321 296.989 294.6545 292.0043 290.0865 287.9131 285.7329 284.4597 283.5157 283.832 284.4424 285.4384 285.2649 285.5923 286.1951 286.9171 287.6221 288.4081 288.8408 289.3138 289.3356 289.4579 288.1355 285.633 283.2863 281.325 279.5203 278.2086 276.5296 275.743 274.5197 274.2944 274.7268 276.8837 279.094 281.67 283.9008 286.105 287.8794 289.8496 291.5688
338.9718 339.7936 340.7005 341.5463 340.6808 338.968 336.875 334.8408 332.3679 329.8734 327.4836 325.2102 323.0848 320.9628 318.5728 316.5843 314.1081 312.2422 309.6248 306.618 303.448 300.6576 298.586 296.6898 295.0292 292.2929 289.4461 286.8933 284.3868 282.9025 281.7366 281.4381 282.0707 282.896 283.3798 283.0333 283.7492 284.34 284.9312 285.6817 286.0466 286.8411 287.2564 287.5393 285.8848 283.4418 281.2681 279.7039 278.2488 276.2764 274.2673 273.222 271.8909 271.9464 273.6161 275.3238 277.458 279.6699 281.9806 284.6086 286.4644 287.9011 289.1888
339.4099 340.4103 341.4629 341.0809 340.0271 338.7567 336.5673 334.5085 331.9486 329.2719 326.5365 324.981 322.8341 320.4533 317.9787 315.7551 313.0025 311.4383 308.8952 305.7573 302.543 299.9236 297.7529 296.1428 294.8124 292.0218 289.0326 286.2086 283.513 281.7594 280.2316 279.3466 279.6594 280.1994 280.9121 281.4615 281.0902 282.2162 282.6442 282.8898 283.5405 284.3205 284.8979 284.6461 283.136 281.6612 279.5925 278.5067 276.5028 274.5133 272.0853 271.234 269.6116 270.295 271.9274 274.3007 275.9554 278.1354 280.4681 282.5255 285.0307 286.9469 288.526
340.0308 340.7496 341.7765 340.7235 339.3557 338.3358 336.3641 334.2442 331.7724 328.9861 327.1479 324.5706 322.1725 319.7921 317.5181 314.7521 311.8877 310.2322 308.1251 304.8967 301.6353 299.1716 297.6412 295.4057 293.4972 291.0837 288.3816 285.3492 283.4888 280.4271 278.6288 277.7564 277.8071 278.1333 278.3853 279.2031 279.6468 279.5987 280.0778 280.4096 281.0861 281.6099 281.7463 281.593 280.5836 279.2199 278.3672 276.0865 274.2845 272.2751 270.5609 269.1188 267.6261 268.4005 270.2831 272.7809 274.9766 276.7022 278.1359 280.7944 283.4092 285.6898 287.6413
339.3547 340.6455 341.7576 341.7605 340.0074 338.1374 336.0447 333.9776 331.5135 329.6089 326.9231 324.4532 321.9277 319.4025 316.9929 314.1592 311.6085 309.9194 307.2623 303.9764 300.687 298.9922 296.6946 294.4878 292.1384 289.9565 287.2998 284.7014 282.2396 279.9464 277.7359 276.4435 275.8398 275.6144 276.1546 276.9205 277.5179 277.6056 277.5448 278.0664 278.3606 278.6745 279.0072 279.2835 278.3723 277.3782 275.9026 273.7706 271.386 269.8152 268.5092 267.1406 265.4468 266.7427 269.2299 271.5432 273.7812 275.2073 276.9017 279.0017 281.0323 283.5408 286.2126
339.3839 340.5133 341.6608 341.8662 340.0143 338.2621 335.7049 333.6568 332.0968 329.3431 326.5097 323.8412 321.4275 318.8668 316.4678 313.7974 311.4819 309.5783 306.6165 303.4111 301.3112 298.6013 296.3017 294.2361 291.1936 288.6454 286.2515 284.197 281.602 279.1237 276.5613 275.084 274.2816 273.7421 273.9481 274.5409 274.9281 275.5287 275.4875 275.6356 276.1557 276.4398 276.516 276.6264 276.6029 275.1974 273.6635 271.6681 269.4377 267.7087 266.5634 265.084 263.5435 265.114 267.5206 270.253 271.9873 274.0371 275.8039 277.646 279.277 281.8382 284.4769
338.5916 339.868 341.113 341.4493 340.1492 338.1749 336.0974 333.8388 331.6425 328.9553 325.7923 323.178 320.7901 318.4136 316.4492 314.1687 311.1641 308.7519 306.5185 304.1765 301.638 298.8668 296.1888 293.5039 290.7581 287.3857 285.5841 283.5215 280.826 277.8293 276.1198 274.1673 272.8481 271.9165 271.6721 272.0805 273.0135 273.6391 273.9801 273.8241 274.0192 274.3343 274.4708 274.5169 274.2885 273.0516 271.4004 269.3065 267.478 265.8232 264.8607 263.2526 262.5848 263.2946 265.5179 268.6398 270.9666 273.0276 274.8197 275.7359 278.0145 280.3535 283.1594
337.5076 338.993 340.2275 340.8566 340.3489 338.9401 336.1669 333.6726 331.0157 328.5943 325.2816 322.5225 320.3546 318.2712 316.1185 313.8335 310.7895 309.0062 306.5081 304.4757 301.9657 299.3988 296.6342 293.3507 290.2702 287.524 285.3774 283.6057 280.6967 278.7018 276.3468 274.1485 271.3483 269.8184 269.1827 269.8159 270.6409 271.3074 271.5796 271.9214 271.6615 271.8759 272.2394 272.3758 272.0803 271.2409 269.4229 267.2938 265.92 264.5235 262.2447 261.4511 260.8541 261.8352 264.3615 266.8314 269.8065 271.662 272.5434 274.2521 276.3368 279.3051 282.1819
336.6264 338.2762 339.1139 339.5594 339.7951 339.0793 336.4069 333.4521 330.6459 327.8316 324.9803 322.9014 320.8351 318.9264 315.8779 313.3728 311.5078 308.8318 306.837 304.5552 301.9846 299.048 296.116 293.1755 290.5489 287.9079 285.6696 283.7303 281.9245 279.2608 276.6111 274.3581 271.5742 268.583 267.1556 267.4884 267.9839 268.4809 268.9545 269.3914 269.9236 269.5191 270.0567 270.4294 269.9712 269.1328 267.4938 265.6491 264.2419 262.7802 261.1601 259.5013 258.9207 260.5045 263.1271 265.7205 268.2961 270.1821 271.1183 272.9836 275.715 278.5119 281.5319
335.4023 338.0761 338.7761 339.0177 339.3753 338.3009 336.2406 333.0051 330.1566 327.525 325.2704 323.3167 321.4983 319.2464 316.2277 314.1516 311.6186 309.1096 307.1024 304.4254 302.0433 299.1206 296.225 293.5522 290.9339 288.2953 286.0065 284.563 281.9047 279.2413 276.8732 274.6021 271.0539 268.1753 266.6486 265.3555 265.6866 265.9571 266.697 266.9699 267.4323 267.9242 267.8013 267.8404 267.3641 266.3493 265.3181 263.6855 262.3938 260.9796 259.6518 258.9833 257.4541 259.101 262.1763 264.6326 266.804 268.9978 270.2365 272.589 274.9019 277.7958 280.7361
334.4829 337.1092 338.1995 338.4833 338.8517 337.1622 335.126 332.6033 330.0699 327.6464 325.2251 323.2576 321.6215 319.2039 317.6815 314.5132 311.1779 308.9917 307.286 304.5975 301.956 299.1589 296.4844 293.8673 291.2985 288.9338 287.1146 284.8717 282.1385 279.3496 276.5883 273.7651 270.4574 267.7732 266.4659 264.2446 263.4854 263.5628 263.8474 264.6948 264.9115 265.4917 265.9323 265.0935 264.4361 263.804 262.7224 261.526 260.0628 258.7441 257.6414 256.8793 256.4631 257.997 260.8654 263.1058 265.1955 267.3873 269.3976 271.9532 274.2324 276.6517 278.8571
333.253 335.1003 336.666 337.7789 338.1016 336.3701 334.8384 333.312 330.8907 328.4192 325.3181 323.114 321.7671 319.5002 316.2124 313.6344 310.3622 308.5293 307.0236 304.7754 301.5188 299.226 296.7498 294.1423 291.96 289.7828 287.5702 284.8141 281.8387 278.6757 275.893 272.8635 269.8376 267.4569 266.0898 263.9348 262.1785 261.2578 261.3375 261.8965 262.3778 263.2066 263.2682 262.726 262.1535 261.3939 260.9935 259.6231 258.409 256.8618 255.16 254.8667 254.8173 257.043 259.1527 261.7833 263.9773 266.3471 268.9947 271.3537 273.2753 275.2212 277.4745
331.5307 333.9729 335.7227 336.9092 337.8936 337.1136 335.5861 334.1235 331.4666 328.2258 324.9959 322.7629 320.575 318.4633 315.6471 312.3615 309.6884 307.5972 306.7354 304.9087 302.2114 299.6352 297.1235 295.631 292.8824 289.8576 287.4653 284.642 281.5465 278.2576 275.2004 272.0348 269.4884 267.06 265.2922 264.1654 261.6915 258.7939 258.7977 259.3442 259.9051 260.6808 260.7107 260.2725 259.3342 259.3886 258.9085 257.7704 256.2397 254.3544 253.1196 253.5056 254.4108 256.0581 258.5404 260.8609 262.9597 265.6675 268.1575 269.7986 271.9315 274.3115 276.8702
330.8546 332.9757 334.8188 336.1316 337.2904 337.6428 336.1821 334.5036 331.3918 328.1433 325.8654 322.5558 319.6277 317.0396 315.1417 312.3634 309.5609 308.1469 306.8067 305.1574 302.9677 300.1218 298.2284 295.7417 293.0932 290.1591 287.2179 284.4643 281.3365 278.162 275.0008 272.1341 269.6387 266.9899 265.4102 263.0458 260.4044 258.6693 257.4919 256.7062 256.9656 257.4598 257.6872 257.54 257.6241 257.0085 256.6243 255.5649 254.1795 252.8412 251.6154 251.4251 252.8548 255.1061 257.7199 260.1452 262.4979 264.8239 266.5466 268.8078 271.1432 273.8485 276.4068
329.8162 331.7211 333.7522 335.5638 337.0786 337.7257 336.3655 334.7628 331.7737 329.3062 325.8464 322.5719 319.3623 317.0218 314.7628 312.2657 309.762 307.4964 306.1412 304.5294 302.97 300.8914 298.3102 295.4476 292.7621 290.0792 287.1957 284.3341 281.4082 278.563 275.7504 272.5861 270.0511 268.4106 265.4533 263.0838 260.6338 259.1058 256.9432 255.2919 254.4893 254.6999 254.9466 255.1815 254.9824 254.9099 254.0674 253.2237 252.3038 250.9454 249.3035 249.4077 251.534 253.8162 256.5595 259.3215 261.7632 263.286 265.5993 267.7363 270.112 272.7867 275.6155
328.7814 331.3935 333.7944 335.3537 336.9293 337.6445 336.6378 334.914 333.3913 329.9092 326.4541 322.7958 319.2421 316.858 315.3929 313.0428 310.0453 307.4618 305.5734 303.8841 302.6367 300.0501 297.7203 295.1251 292.4015 289.6781 286.9749 283.8722 280.9977 278.317 275.6646 273.3597 271.0823 268.3998 265.8744 263.4322 261.108 258.887 256.6689 255.3188 253.1817 252.4292 252.4042 252.82 252.8413 252.632 252.3985 250.783 249.7885 248.4077 247.0513 248.9026 250.5118 252.8362 255.8456 258.3295 260.2086 262.0553 264.3348 266.4315 268.415 271.3098 274.389
328.0443 330.6683 333.8704 335.4657 336.5312 336.6925 336.4547 335.5996 333.5259 331.1756 327.3327 323.4655 319.8336 317.4099 315.6124 313.4088 310.4639 307.5216 306.2804 303.8225 301.6064 299.1952 296.8522 294.412 291.8582 289.1509 286.5453 283.6541 280.755 278.0841 275.6619 273.5266 271.1422 268.3176 265.7754 263.6075 261.5826 259.2166 256.8178 254.7495 252.4871 250.181 250.348 250.4335 250.5064 250.4896 250.0056 249.0414 247.4593 245.9921 245.8455 247.6743 249.9818 253.0036 254.9536 258.0027 259.5466 261.0579 262.8655 264.8123 267.1074 269.8638 272.6117
328.0001 330.6161 333.4988 335.281 336.0733 335.8638 335.6237 334.9011 333.2731 331.3528 328.1143 324.2459 320.6238 317.8591 315.4702 313.2529 310.7062 308.6052 306.8075 304.1362 301.4871 298.6472 296.1664 293.6317 291.0966 288.595 285.9355 283.6249 280.6893 278.636 275.9721 273.4384 271.1691 268.6603 265.708 263.7692 262.0267 259.5996 257.0834 254.6839 251.8554 250.0985 248.6075 248.0703 247.6033 247.8393 247.3287 246.7433 245.7405 244.1321 244.6785 246.7661 248.7279 251.0823 254.1981 256.48 257.6664 259.7132 261.6861 263.3735 265.4562 267.9628 270.4432
328.1492 330.571 333.1147 334.6673 335.5973 335.61 335.501 335.129 333.2857 331.2137 328.2708 324.7314 321.385 317.9591 315.5497 313.1953 311.7368 309.0284 306.994 304.2868 301.3394 298.7946 296.0256 293.1907 291.1215 288.2845 285.6349 283.4423 281.1665 278.4058 275.8525 273.6249 271.1322 268.8007 266.1286 263.999 262.0184 259.6097 257.3286 255.1896 252.864 250.4591 249.2211 247.2816 245.5274 245.6678 245.1641 244.5389 243.7758 242.1054 243.5232 245.7784 247.1262 249.618 252.1193 254.1251 256.1937 258.24 260.2999 261.81 263.1347 265.0215 267.4905
328.0058 330.0506 332.5852 333.6669 334.9645 335.526 335.8293 335.1559 334.0902 331.4993 328.2678 324.8437 321.5068 318.5735 315.6898 313.983 311.4102 309.3686 307.6403 304.6912 301.9688 299.0035 296.2516 293.6461 291.108 288.0596 285.7904 284.0175 281.1324 278.4836 276.076 273.855 271.3656 268.5828 266.2727 264.304 262.2408 260.1759 257.7115 256.2075 253.3592 251.4133 248.9149 246.9508 243.9758 243.1756 243.201 242.6539 241.9016 241.0355 -9999. -9999. -9999. -9999. -9999. -9999. -9999. -9999. -9999. -9999. -9999. -9999. -9999.
327.1647 328.8119 330.9173 333.0391 334.5482 335.6801 336.0986 336.0634 334.6589 331.3605 328.2546 -9999. -9999. -9999. -9999. -9999. -9999. -9999. -9999. -9999. -9999. -9999. -9999. -9999. -9999. -9999. -9999. -9999. -9999. -9999. -9999. -9999. -9999. -9999. -9999. -9999. -9999. -9999. -9999. -9999. -9999. -9999. -9999. -9999. -9999. -9999. -9999. -9999. -9999. -9999. -9999. -9999. -9999. -9999. -9999. -9999. -9999. -9999. -9999. -9999. -9999. -9999. -9999.
-9999. -9999. -9999. -9999. -9999. -9999. -9999. -9999. -9999. -9999. -9999. -9999. -9999. -9999. -9999. -9999. -9999. -9999. -9999. -9999. -9999. -9999. -9999. -9999. -9999. -9999. -9999. -9999. -9999. -9999. -9999. -9999. -9999. -9999. -9999. -9999. -9999. -9999. -9999. -9999. -9999. -9999. -9999. -9999. -9999. -9999. -9999. -9999. -9999. -9999. -9999. -9999. -9999. -9999. -9999. -9999. -9999. -9999. -9999. -9999. -9999. -9999. -9999.
-9999. -9999. -9999. -9999. -9999. -9999. -9999. -9999. -9999. -9999. -9999. -9999. -9999. -9999. -9999. -9999. -9999. -9999. -9999. -9999. -9999. -9999. -9999. -9999. -9999. -9999. -9999. -9999. -9999. -9999. -9999. -9999. -9999. -9999. -9999. -9999. -9999. -9999. -9999. -9999. -9999. -9999. -9999. -9999. -9999. -9999. -9999. -9999. -9999. -9999. -9999. -9999. -9999. -9999. -9999. -9999. -9999. -9999. -9999. -9999. -9999. -9999. -9999.
-9999. -9999. -9999. -9999. -9999. -9999. -9999. -9999. -9999. -9999. -9999. -9999. -9999. -9999. -9999. -9999. -9999. -9999. -9999. -9999. -9999. -9999. -9999. -9999. -9999. -9999. -9999. -9999. -9999. -9999. -9999. -9999. -9999. -9999. -9999. -9999. -9999. -9999. -9999. -9999. -9999. -9999. -9999. -9999. -9999. -9999. -9999. -9999. -9999. -9999. -9999. -9999. -9999. -9999. -9999. -9999. -9999. -9999. -9999. -9999. -9999. -9999. -9999.
-9999. -9999. -9999. -9999. -9999. -9999. -9999. -9999. -9999. -9999. -9999. -9999. -9999. -9999. -9999. -9999. -9999. -9999. -9999. -9999. -9999. -9999. -9999. -9999. -9999. -9999. -9999. -9999. -9999. -9999. -9999. -9999. -9999. -9999. -9999. -9999. -9999. -9999. -9999. -9999. -9999. -9999. -9999. -9999. -9999. -9999. -9999. -9999. -9999. -9999. -9999. -9999. -9999. -9999. -9999. -9999. -9999. -9999. -9999. -9999. -9999. -9999. -9999.
