examples/Input/rastert_slope_t1.asc
ncols         834
nrows         571
xllcorner     422808.52371438
yllcorner     4832948.6261134
cellsize      3
NODATA_value  -9999.
[rows 84 to 111 of 571, columns 252 to 314 of 834]
12.95924 1.99548 1.878039 3.824114 5.216854 7.784454 30.41992 54.71075 58.16984 53.75348 51.87596 45.60818 39.97427 39.66738 40.19769 39.28678 37.43388 37.26307 42.79927 46.11514 42.02604 38.89107 38.80005 39.34929 40.37584 43.96544 45.10212 45.22759 44.23137 41.68439 37.0494 33.97949 35.363 38.83553 40.53587 41.46475 41.95524 43.83604 45.86048 46.54494 45.44418 45.17624 46.54436 47.2383 46.7534 45.82328 39.13678 39.00663 28.15575 26.15083 29.62451 35.2787 38.62345 40.79962 43.0293 40.01763 32.60551 21.80203 11.76668 10.3457 30.86782 35.91161 35.41733
11.61272 2.360759 2.259784 2.661952 5.642876 15.57712 43.95074 59.67145 60.24353 52.58632 44.22875 36.28052 34.14879 37.20033 36.74827 35.26278 33.25773 31.48454 35.81148 41.73901 39.02224 33.93863 35.5033 38.77027 42.57826 46.9982 45.53362 45.29435 44.41573 43.09182 40.42799 35.46238 34.2709 37.65752 40.54987 41.1938 41.10329 41.49897 40.40242 37.65793 37.27728 38.92159 36.25126 33.54216 29.22507 27.52817 33.15787 35.35777 29.82956 26.01337 31.85519 38.89083 42.60274 44.06757 41.26863 32.81062 25.92918 17.8957 8.193703 16.06833 35.20432 39.05 37.34063
9.422031 1.623572 1.90065 3.34764 11.01848 30.20004 54.90705 63.73467 60.37326 47.64373 35.02188 30.44189 25.78069 28.3409 29.98954 30.19526 30.56755 30.56399 34.52374 40.63195 39.20811 32.9533 33.82103 38.98544 45.51401 47.65993 44.2681 44.29062 43.4502 42.85038 42.7957 41.10868 39.3142 39.93943 40.76453 41.12741 40.72257 40.40229 40.69952 40.25326 39.19619 38.82907 35.87719 32.76183 27.67656 27.03641 39.76258 42.3987 35.82792 32.77037 37.85836 42.95466 43.58754 40.30188 33.65067 26.30069 20.94636 10.41926 7.765824 27.56499 38.50399 38.40396 37.85338
7.860292 2.645998 3.571016 11.0073 23.98371 43.22821 59.59504 63.52754 54.32541 34.53789 28.26583 25.64711 17.31551 16.73015 21.56104 23.97747 24.51216 26.5097 31.75217 39.89592 42.56184 38.91296 36.55896 40.69028 45.04634 42.28873 37.18383 39.30284 40.43901 41.1374 43.77841 45.76688 44.1614 42.35994 41.22577 41.08801 41.63006 42.29107 44.06762 42.97457 40.3602 39.43408 36.70134 34.1515 32.24015 31.79817 37.07253 37.22784 35.58048 37.98986 41.3628 41.75844 38.12546 31.46914 23.41427 16.19832 9.495263 4.157439 17.1297 29.50524 37.28781 37.66087 39.56181
10.13553 5.687163 8.542519 19.10653 33.32459 49.04791 58.49744 59.62455 47.57226 27.54741 27.45039 22.48642 14.84025 13.52714 16.10758 21.11943 24.17628 25.47704 26.77314 30.97824 35.2263 37.15162 35.40878 36.23817 37.19744 30.55308 27.37443 30.71946 35.57983 39.29339 43.30514 44.3794 41.8027 39.36504 38.78387 40.03834 41.09778 41.43544 40.03685 32.8948 27.07987 28.1663 27.62064 28.14191 28.43074 25.69184 28.52261 30.9763 32.61923 36.18296 37.09124 33.98713 27.14445 19.16963 10.57163 4.195776 3.982557 12.84552 19.10374 26.23426 38.74462 42.06135 40.65975
13.89785 5.443756 10.73715 22.58244 39.34134 52.02614 56.1055 55.55521 46.4033 31.14884 27.41051 21.5587 15.21814 13.81861 13.92535 15.99651 20.92699 24.71445 26.44492 26.43406 27.98276 30.79713 32.29774 31.76921 28.75189 17.62061 18.13469 21.20176 26.06199 30.08583 33.58571 36.61164 35.98306 34.14001 31.83916 32.35286 33.79967 33.15869 29.53959 22.71645 18.6732 20.48946 23.80974 25.92211 26.81442 21.54406 14.36553 16.88533 24.94639 28.68879 24.67418 16.85482 11.18038 11.45472 11.12886 7.461997 6.216126 15.66449 18.93527 28.71899 43.8985 46.66623 38.74593
14.88491 6.080314 13.94282 30.282 46.16416 53.07278 53.3833 51.55178 45.75174 32.59741 26.33258 22.02246 15.21995 13.83704 13.3228 11.22628 8.096714 14.68339 20.60186 17.91315 16.46459 17.69459 19.7438 19.64916 14.95463 4.276965 6.731928 9.514208 9.739199 8.222936 9.646972 18.11636 25.27588 27.92584 26.28324 25.02253 25.58365 24.88197 23.39815 21.4538 20.44275 19.22618 20.86208 23.98045 25.47 19.01967 14.69053 18.57144 22.46444 18.50609 13.54969 12.50066 13.60813 16.44402 18.54547 17.39989 16.10998 19.62806 23.20254 34.82855 46.55003 46.55054 31.27263
12.71979 9.823885 18.60539 35.60751 47.06656 49.06544 49.73215 49.83452 46.78085 34.43285 24.6071 17.1013 7.28155 5.753752 6.307726 8.396291 13.85555 20.15364 21.09037 15.64306 9.805916 4.836699 3.345379 6.021112 9.841539 8.080378 4.736735 6.220181 5.8281 6.410659 7.938216 5.11326 4.993422 11.53064 15.82308 19.85227 22.3845 21.97635 20.66965 19.44339 19.64231 19.74137 18.6372 18.72114 20.17786 16.07195 16.16414 23.35684 28.9337 26.51804 23.58213 19.03748 13.94812 12.3384 16.68789 21.62727 23.87033 25.97602 29.85196 37.43262 46.19305 44.30967 22.26532
11.64038 18.42586 27.59094 37.39618 44.25156 43.88945 47.97178 52.83169 48.8603 32.7319 18.31661 8.374537 6.448925 13.54208 19.31693 22.80263 26.52631 30.79618 30.85415 26.71013 23.6898 19.82464 11.18467 10.72554 16.28633 17.46451 11.8952 6.224498 7.657945 10.06943 8.620986 10.08736 13.92927 16.65323 15.58902 15.32684 18.84084 18.501 13.68377 11.74853 11.41765 11.55863 9.051768 7.358192 18.75997 21.85614 18.94796 22.74436 27.63265 27.35127 24.46742 20.06273 14.48555 7.492658 10.15295 19.26279 24.33192 27.81139 33.77768 39.38368 45.81797 39.59499 14.32162
15.65073 26.65904 33.48664 37.65206 39.18074 39.50031 48.55747 54.70679 47.14485 28.14209 18.09617 10.68837 10.10757 14.27879 19.00726 25.15516 30.35671 31.82013 30.75643 31.39121 30.73868 29.07001 21.51191 15.71823 14.18729 18.12877 19.41187 15.17672 14.65404 16.26446 14.16959 17.1472 25.33124 31.18902 33.31709 34.0738 36.09135 31.03758 14.90457 9.986197 11.02693 15.66528 21.83069 31.17363 36.57873 36.37574 30.5183 28.04705 28.21279 28.08958 24.88222 19.81197 16.95928 11.52884 21.66651 26.68176 26.25276 28.82277 36.3515 42.03516 43.56266 29.63415 10.12588
22.9172 29.24738 32.49641 32.75961 32.54647 38.48176 49.21659 51.82959 43.64603 25.47239 17.10222 14.73103 17.92714 22.34296 26.963 31.87454 33.85572 33.47433 31.8421 33.52381 34.02674 37.28683 37.68604 37.18422 31.71615 29.59336 30.30138 29.17683 30.41465 31.28386 31.22213 32.00633 33.55325 33.1254 33.39999 34.88259 42.2907 42.98109 26.50176 24.408 34.42247 40.70861 42.99099 44.03197 43.08522 44.754 44.09039 42.84832 40.71711 39.2744 36.3796 29.72828 29.45962 38.79184 46.21418 43.47072 38.60297 37.54145 41.87663 43.26352 35.52637 15.92701 9.318142
26.83817 28.10813 30.42262 31.11233 32.46015 38.22255 46.76284 48.97221 41.224 20.95209 14.39089 18.03919 26.55031 31.75026 35.98805 37.0694 36.55251 36.62467 36.09641 37.70506 38.66598 45.34606 48.98328 50.16322 48.86377 46.66747 46.12807 45.79797 44.02334 40.96051 39.23067 38.0176 35.85863 33.20146 33.91539 35.94843 44.61738 50.22827 48.01762 47.61749 49.03135 50.43076 50.05938 47.40712 44.6576 46.73269 49.15806 51.07629 52.59606 53.71963 54.65723 55.21864 55.44227 56.74017 56.31385 53.16808 51.12442 49.43482 46.93616 37.61756 19.05264 5.09932 12.45464
26.59721 25.22257 28.52567 31.4849 34.03238 37.27914 45.95938 49.27071 36.91651 12.7178 11.44636 20.44197 29.49705 34.06464 38.68854 39.21737 39.14829 39.41891 40.37313 42.0092 41.99199 47.22593 51.12913 51.58332 51.63811 51.65622 52.4464 52.07717 48.56984 43.94822 40.10999 38.33384 36.87315 34.34489 34.52291 37.63865 46.2742 54.05225 56.72541 54.90686 50.41387 46.44562 44.05697 40.40293 36.45626 36.93565 38.87442 41.78901 46.42696 51.81687 55.8321 58.57576 58.30812 54.5522 48.55752 44.07277 43.39702 40.22381 31.14113 15.64508 4.357035 2.687962 20.44266
22.44665 22.94584 28.59799 32.04097 34.48961 37.63925 46.66216 47.84989 28.60432 4.99897 15.90379 25.96389 33.11367 38.49813 41.75814 41.10418 41.8014 43.1239 44.32373 44.19423 41.26631 39.34784 38.04272 37.2882 37.92056 38.44486 38.39821 38.83427 38.35621 36.68276 33.62546 29.84975 26.46292 22.9908 20.52286 21.38634 27.75929 34.75402 37.75961 37.79341 33.58049 25.95232 20.5179 16.73222 14.22974 14.13287 14.34527 16.42325 20.01319 25.79087 29.5555 30.67358 31.80021 28.21744 19.69264 15.082 14.05796 9.88419 4.880404 5.090219 3.975467 6.291194 29.46819
19.66616 22.87638 28.98296 31.36334 33.70271 38.92883 46.7652 44.16276 20.12875 12.90516 22.82506 29.9824 38.22672 42.87523 43.03874 41.88871 42.68791 42.74132 39.52278 32.94318 25.56915 19.26603 12.83305 10.64118 11.00833 10.50905 9.995391 12.17154 14.01049 14.16932 12.83943 10.39786 9.273739 9.351737 7.10887 4.869883 6.412633 8.990794 9.016691 9.503845 9.278924 9.090017 9.999607 10.85415 11.11139 10.22662 9.231135 8.453922 8.534897 8.452255 10.14287 10.59886 9.745893 11.84311 12.26068 10.26714 8.931323 8.329473 6.729906 4.157775 3.484818 11.76793 36.08733
22.15665 23.79473 28.8308 30.64878 31.83084 38.61466 45.78151 38.86151 17.09082 18.72566 22.82421 33.71278 42.53464 43.97657 43.46316 41.57916 36.77379 28.76579 19.55832 11.52638 8.547516 9.279134 10.78771 12.9815 16.00439 16.0197 12.29728 8.26739 6.88747 6.899301 6.855851 7.430634 8.95006 13.73538 19.28939 22.93871 24.729 24.6362 22.85038 22.40591 23.1886 22.85966 21.66617 21.73962 23.88971 24.84314 23.8211 22.7684 22.66368 22.71564 23.69992 25.56836 26.47628 27.32891 27.55552 23.31824 17.8284 15.9097 13.38549 8.290961 5.506968 18.96056 39.70002
23.92286 24.17843 28.46451 29.1184 29.45479 36.52815 42.53993 33.89134 13.73194 16.68904 21.59556 39.07119 45.46345 43.70095 41.52911 32.79479 19.95794 10.13878 9.50512 14.10407 19.35771 24.29112 27.24909 27.5371 28.55493 30.98945 29.41665 23.46735 20.63502 21.50161 24.76832 25.93433 26.31562 28.63526 33.43301 37.56279 39.11888 38.8751 37.20347 36.39534 37.49139 37.55528 35.76765 33.63784 34.77829 37.9579 38.76048 37.49281 37.82541 39.1336 39.27391 39.44162 39.3012 37.91556 37.92962 38.43044 36.5727 32.78235 28.87424 24.03761 17.32314 27.20395 40.51306
25.77083 23.26367 26.01962 25.58341 27.55359 34.41399 36.94294 30.57874 19.10109 27.68114 33.89586 44.07937 48.43729 43.49975 34.05689 17.32694 9.809227 12.72348 21.208 29.97936 36.7784 39.76894 39.51978 37.26527 33.70087 34.72403 38.75884 38.47612 36.24643 36.37682 39.33285 42.16157 43.8214 43.07226 40.75083 39.26847 40.18518 41.7597 42.19761 41.00772 40.66213 42.20935 43.12303 41.55941 38.82076 38.6342 41.05543 41.72588 42.3976 45.21097 47.35081 46.89568 45.20013 44.60437 44.27866 44.29761 45.02242 42.78339 38.14515 37.02775 37.52074 39.00866 41.09644
29.52589 23.82886 24.12933 24.08313 27.63124 32.04498 32.32219 27.02522 23.92204 34.19492 38.63589 46.20664 49.88437 40.9486 22.60667 11.46228 17.21428 27.15576 34.6809 40.52969 43.49022 42.67632 40.44487 38.91108 37.41204 36.395 38.40826 40.74874 40.56423 39.13818 40.12244 43.52075 45.74239 44.45113 40.29803 36.75349 37.74927 41.90841 44.63378 43.79042 41.7157 42.13822 44.07603 44.37211 42.33273 39.55532 40.11069 42.52911 43.4749 44.30257 45.48827 45.76408 44.88353 45.57025 46.61929 44.05083 42.16817 44.09691 41.59374 39.13167 39.06572 38.00638 37.98716
31.23847 25.3586 24.92411 25.04276 28.17401 30.3037 29.91125 23.58713 22.99672 33.65332 41.10387 48.9356 47.83203 30.43645 13.52937 14.67145 25.68864 31.89838 36.41774 40.87796 40.91412 39.75476 39.71221 38.26826 37.50597 37.5252 37.55313 39.0467 40.66215 39.98456 39.95521 41.37544 41.83464 41.36964 39.28281 36.0914 34.76102 38.12276 41.98773 43.4637 42.56157 41.02487 40.83275 41.55058 41.61426 38.45679 36.37193 40.35678 43.62722 42.72675 41.11262 41.7735 42.44725 42.87841 44.76249 44.28052 40.2654 41.96744 41.77114 37.22813 33.47711 28.73302 31.00271
32.95375 29.48871 29.67723 28.32503 29.50004 31.02983 26.41148 20.37288 29.09902 42.46828 49.33286 49.68904 35.99868 14.89251 13.90126 23.13268 31.27771 34.50603 37.79514 41.06835 39.19231 38.34718 41.19635 41.71352 40.25417 39.26495 38.30667 38.52053 40.67545 41.15673 41.49474 42.18597 41.82716 42.94061 42.88087 41.02477 37.67905 37.03863 39.52021 42.58778 42.87034 41.09672 39.28929 38.57962 38.37137 36.31276 33.1987 37.95315 43.19057 44.10876 42.0705 41.78299 42.57744 42.50144 42.99207 44.32969 41.2575 39.29353 39.27839 34.52381 28.69956 22.54785 27.39664
32.4762 30.78624 33.2201 32.33994 32.31125 33.01767 23.47757 14.9684 36.12873 48.18735 48.9458 38.89532 16.94957 11.04308 19.70465 29.04646 37.09798 40.49511 42.50551 44.31586 41.17443 38.54354 40.81456 43.69756 43.49877 41.78862 40.01565 38.05951 37.98702 39.53368 41.11328 40.99435 39.56985 40.59787 42.29762 43.53543 42.42109 38.69599 36.90585 38.7819 40.23138 40.09918 39.28895 37.99128 38.06695 38.92907 37.46611 38.04643 39.79676 42.43391 43.0465 41.04196 40.35403 40.22761 40.68084 42.22083 40.50622 36.46231 34.60646 31.49323 25.70829 19.73437 24.93404
29.49615 28.98099 32.22172 33.20184 34.06943 33.53332 22.39982 19.57691 43.46936 48.46138 41.46034 22.04463 9.151638 14.80247 25.71051 36.13756 43.79711 43.16005 42.36511 43.59536 39.74293 37.43689 38.11623 40.75366 41.31622 40.3799 39.3667 37.00804 34.03052 34.36032 37.35769 37.81532 36.8686 37.60917 39.45948 41.80754 43.7562 42.49938 37.85791 35.35629 37.0232 37.25163 35.34519 36.29328 38.49015 40.41993 42.57346 42.58442 40.50034 38.80488 41.19384 41.05854 39.17458 38.30088 38.89559 41.08041 40.8848 37.01556 34.37912 32.60567 27.44153 24.35671 27.95367
25.14791 27.60586 32.05756 34.26588 33.70923 31.88157 18.68427 26.60067 45.89473 45.91564 29.48343 10.09277 8.815897 23.78695 36.20493 44.90654 47.97977 43.00289 40.7597 41.24723 37.41983 37.22094 38.5094 39.34014 39.53085 38.57065 38.12114 37.53074 35.44339 32.68493 33.4374 34.66552 35.31755 36.5076 37.98729 39.38431 40.8526 41.45432 40.09819 36.96067 35.9514 37.71241 35.70509 35.63992 38.19714 39.46883 41.57302 43.5755 42.67067 38.59161 38.20578 40.89341 40.92664 39.55009 39.41536 41.5998 41.66992 37.37477 35.83514 34.53722 31.33391 31.72989 33.77221
22.5344 30.128 35.00018 35.79591 32.66077 28.0192 13.28643 31.90628 47.82152 43.38441 18.48452 8.510514 18.54084 35.51384 43.38537 46.67792 45.97233 39.49813 37.83176 40.38288 40.70358 40.11736 40.00532 40.23276 39.80849 37.79911 37.30419 37.28276 37.70033 37.44552 36.09253 35.93791 36.95481 38.73843 39.5379 38.71204 37.42806 36.85174 37.73391 37.75061 36.29523 38.10529 38.79184 37.39148 37.86478 38.82458 38.74297 39.58633 39.92451 38.49829 37.61567 38.2213 38.92759 39.5214 39.72018 41.64157 42.13609 37.05896 32.6369 31.52878 28.93149 29.88251 33.01936
21.68433 33.92746 38.58158 35.73487 29.89655 22.38681 14.9785 38.21342 50.7366 38.23823 11.68668 12.04067 28.83489 41.01265 43.70475 43.50074 42.35659 36.62621 34.84286 39.25505 40.48637 36.38616 35.91534 40.31977 42.20821 38.55663 37.44889 37.90369 38.88315 39.94446 39.27505 39.18333 39.62725 40.16828 40.3662 38.88772 36.58691 35.65619 35.94848 36.84932 37.35467 38.01848 39.49385 39.16324 38.33357 39.31902 39.336 38.65432 37.33734 36.7695 36.82362 35.24426 35.3647 37.41309 37.70178 40.11483 41.76091 39.97726 34.36723 28.80911 23.71176 25.58047 28.53832
19.75182 35.23487 42.04121 37.91337 24.8348 13.81446 24.6803 42.84433 48.32088 25.93327 8.871281 18.72856 35.44087 42.35862 42.13316 41.55479 42.02524 37.1339 35.89954 38.57875 36.24758 30.59477 31.6618 37.74483 44.85567 42.41322 40.76763 41.66927 41.68252 40.36736 38.58619 36.71109 34.84548 34.81746 37.60415 39.02703 37.98487 36.57088 36.57052 37.14024 38.03703 38.01035 37.84134 37.93069 36.67886 36.74108 38.0335 38.09217 35.78872 34.7983 34.68013 32.75084 32.71871 36.23084 37.08027 37.96627 39.58255 41.11138 38.79606 32.31799 26.87703 25.32182 26.04424
17.62832 34.39518 43.80066 40.67215 17.15653 24.7095 36.51433 43.64175 41.37769 15.90267 10.09438 27.62905 40.34189 43.44052 41.8168 41.51949 42.45358 38.86973 37.90039 37.94071 37.45262 37.39236 35.55393 33.51741 41.76877 44.58163 43.4778 43.09559 42.09685 40.15835 37.72764 34.41897 31.23741 31.20642 34.20927 38.31017 40.75319 40.13375 37.82028 36.78281 36.96981 36.47376 35.14049 34.99931 34.64001 34.78639 36.9511 39.0748 38.62418 36.25597 35.06247 34.99917 33.80638 36.18348 37.08165 37.54618 37.66296 37.7884 36.71395 33.09354 30.29712 25.69809 26.12243
