examples/Input/rastert_times_f1.txt
ncols         834
nrows         571
xllcorner     422808.52371438
yllcorner     4832948.6261134
cellsize      3
NODATA_value  -9999.
[rows 476 to 503 of 571, columns 189 to 251 of 834]
335.3348 337.0394 337.6168 339.1347 339.9372 340.5304 341.0215 342.576 343.8215 346.1761 348.4981 350.843 351.9595 354.0576 356.1862 358.4846 360.0738 362.6013 364.7298 367.3304 369.9066 372.402 374.37 375.9462 378.2563 380.2303 382.7044 385.116 386.8092 389.1396 391.4641 393.7747 394.362 393.7821 392.9693 391.7132 390.1067 389.0521 388.8669 387.655 387.2557 387.5975 387.4598 387.3461 387.6372 387.6026 387.168 386.9589 386.5269 386.2201 386.5934 387.5856 387.5349 389.5434 390.3598 390.8981 391.7321 392.6782 393.8192 394.8584 395.7922 397.521 398.8189
337.7539 338.689 340.5933 340.8518 341.8606 342.4539 343.75 344.6635 345.6059 347.6827 349.8264 351.8009 352.9829 355.0804 357.3001 358.9077 361.3266 363.5759 365.536 367.9279 370.3388 372.7167 374.8001 376.873 379.1539 381.0988 383.1981 384.8393 387.5114 389.9862 392.1699 394.4826 395.5635 396.3661 395.5195 393.9408 392.3965 390.9174 390.4479 390.1144 389.196 388.8459 389.6644 389.7407 390.4148 390.7108 390.1701 389.6233 388.8492 389.0868 388.8758 389.0493 390.5935 390.809 392.3327 392.8389 393.6073 394.5399 395.8621 397.1068 397.7493 398.3889 399.6326
339.6324 341.4539 342.4027 344.0815 344.5366 344.8448 345.9083 346.9934 348.0098 349.3763 351.6501 353.5699 353.987 356.6421 358.4647 360.563 362.6808 364.2661 366.7237 368.8873 371.1483 373.7349 375.2442 378.0573 380.529 382.557 383.8031 385.9564 388.4642 390.8138 392.8786 395.091 396.5493 397.3435 396.4123 396.0296 394.5882 393.1208 393.0091 392.6796 391.6631 391.1346 391.2574 392.6808 393.5265 393.677 393.304 392.4792 391.5395 392.0547 391.7877 391.6725 392.7482 394.0238 394.3275 394.7281 395.5282 396.4303 397.5949 398.0541 398.7662 399.2237 399.6376
342.2574 343.8025 344.5438 345.6541 346.67 347.2611 348.261 349.4695 350.6291 351.7568 354.2565 355.4118 356.5257 357.9966 359.9503 362.4852 364.5172 366.4206 368.2855 370.3006 372.3358 374.1155 376.2936 378.7853 381.4018 383.0011 384.9488 387.1373 389.4841 391.8521 393.5844 396.0819 398.0214 398.384 397.2544 396.5528 396.7346 395.6423 394.9838 395.1935 394.8755 394.5894 394.2358 395.0072 395.7606 395.7458 395.1547 394.722 394.2495 394.1769 393.9585 394.6025 395.2764 395.6988 396.2238 396.5949 397.3402 397.7187 398.0212 398.3361 398.6173 399.0182 399.4818
341.8911 344.7428 346.165 347.4858 348.494 349.997 351.6062 352.4546 353.1344 353.8508 355.3774 356.4936 357.9701 359.486 361.2666 363.7819 366.5623 367.8723 369.7439 371.8092 373.5779 375.8251 377.9241 379.932 382.419 384.139 385.8909 388.0641 390.1499 392.9082 394.4088 396.8176 398.6218 399.2655 398.0139 397.2987 397.1624 397.3499 396.8188 396.61 396.9796 396.8483 396.5895 396.4225 396.41 396.2936 395.9376 395.9651 395.956 396.0102 395.9281 396.2185 396.5219 396.7777 397.0115 397.2343 397.4641 397.6666 397.6705 397.8487 398.2293 398.3975 398.6258
342.9064 345.2327 347.3033 349.1354 350.183 352.321 354.5317 355.5603 355.7389 356.4641 357.1444 358.1839 359.674 361.0961 362.6622 365.6048 367.9828 369.8138 371.4566 373.1027 375.044 377.5064 378.9973 381.1667 383.4987 386.2344 387.2915 389.1014 391.3095 393.5215 395.4658 397.5812 399.4326 400.211 399.1905 398.0667 397.62 397.7744 397.7261 397.4406 397.294 397.0599 396.898 396.6909 396.4907 396.344 396.2416 396.1815 396.1616 396.1842 396.2691 396.4544 396.665 396.8544 397.0155 397.1729 396.9972 396.4282 395.6931 396.0905 396.6379 396.794 397.3005
343.5366 345.6308 347.7045 349.7471 352.0613 353.9249 356.7856 357.6835 358.2114 358.5494 358.954 359.9234 361.4496 363.1115 365.0268 367.1693 369.37 371.5138 372.5204 375.101 377.0868 378.8026 380.8716 382.675 384.9443 386.747 388.5048 390.5353 392.8591 394.8016 396.4532 397.9402 399.4975 400.4016 400.0521 398.5349 397.8241 397.8255 397.6342 397.4197 397.2049 397.0336 396.7979 396.5661 396.3963 396.2986 396.1637 396.1208 396.0249 396.1911 396.2755 396.4188 396.5414 396.7351 396.9498 396.6911 395.2741 394.3747 393.8298 394.2264 394.5838 394.2297 394.1204
343.9596 346.0517 348.1205 350.5662 353.2438 355.4395 357.8742 359.0358 359.2164 359.7104 360.6931 362.3753 363.7692 365.4771 367.0418 368.7519 370.0886 372.9537 374.7764 376.8232 378.6953 380.5493 382.1383 384.0635 386.2229 387.6371 389.6297 392.3602 394.4683 396.2692 397.1917 398.0655 398.8222 399.296 398.0924 397.8967 397.9507 397.7681 397.5254 396.8667 396.1354 395.2129 394.886 395.2682 395.3186 395.3042 395.3676 394.9995 395.0151 395.2622 395.8779 396.0248 396.0255 396.0946 395.4724 394.5412 393.6157 391.886 391.815 391.9084 392.0453 391.9534 391.0254
344.4542 346.4687 348.9673 351.6432 354.3195 356.941 358.4228 359.746 360.4908 361.4154 363.1425 364.827 366.2718 367.7844 369.1545 370.4226 371.8308 373.9651 376.3575 378.2012 380.2971 382.4404 384.0068 385.5576 387.6157 389.0805 391.2902 393.6983 396.381 397.2991 397.5513 397.6124 398.1792 397.677 397.8761 397.9063 397.8239 397.4374 396.1505 395.5608 394.7665 393.5751 392.9694 392.9734 393.9458 394.2365 393.9792 394.075 393.1581 393.2853 393.7162 393.7937 394.4203 394.1311 393.3123 392.4149 391.3187 390.3976 389.4067 389.4743 389.5757 389.6683 389.2703
345.1898 346.7867 349.269 351.8601 354.3805 356.5609 358.677 360.7697 361.407 363.8548 365.5908 367.2817 368.5862 369.529 370.7834 372.3015 373.7603 374.7717 376.8475 379.6354 381.9844 384.1077 385.8671 387.3972 389.2881 390.5336 392.592 394.7822 397.2219 397.6753 397.3978 397.4408 397.677 397.8256 397.8538 397.7629 397.0591 396.1133 395.0666 394.2976 393.2202 391.5702 391.1276 390.8312 391.7926 392.3633 392.3658 391.9587 391.5564 391.2537 391.3882 391.497 392.5384 392.2035 391.2289 390.1183 389.2129 388.5613 387.5956 387.1576 387.2405 387.213 387.0442
345.662 347.0387 349.1232 351.564 353.6936 356.3415 358.8752 361.2312 362.7307 365.0489 367.4047 369.174 370.1394 371.2232 372.3122 374.2787 375.3639 376.7881 378.4181 381.3615 383.4467 385.5323 387.4762 389.2094 391.1769 392.4982 394.09 396.8696 397.7154 397.4991 397.4966 397.6483 397.7186 397.7647 396.9962 396.362 395.3208 394.7856 393.9019 392.9193 392.0667 389.6579 388.9227 388.4594 388.8805 389.4236 389.6734 389.5774 389.4258 389.0957 389.0381 389.1426 389.3991 389.9158 388.9009 388.0252 387.3715 386.7166 386.0609 385.0719 384.8545 384.8843 384.9915
347.341 348.6414 350.2794 351.5898 353.859 356.7062 359.2401 361.8405 363.5346 365.7046 368.1205 370.1254 371.7796 372.9395 374.5497 375.576 377.2778 378.7013 380.4969 382.7145 385.0128 386.8503 388.7375 390.6435 393.472 395.0872 396.5666 397.3222 397.9361 397.4801 397.5158 397.533 397.5879 396.7965 395.7158 394.6834 393.2357 392.743 392.2217 391.7098 390.1382 388.5979 387.5338 386.7756 386.5848 386.7571 386.961 387.0321 387.3352 387.9962 387.2898 387.0681 387.0917 387.2303 386.8719 386.2072 385.5538 384.9008 384.2409 383.8114 382.8115 382.9248 382.8688
348.6749 350.404 351.1865 352.7405 354.5496 357.279 359.9021 362.6624 364.5274 366.6576 368.8483 371.3595 373.3056 375.1319 376.373 378.0118 378.8798 381.1117 382.619 384.6088 386.3781 388.5831 390.3148 392.1374 394.3831 395.632 396.5806 397.1967 397.4873 397.2383 397.4344 397.3431 396.6001 395.229 394.0639 392.9523 391.5266 390.477 389.8485 388.7655 387.6156 385.7335 385.6296 385.4777 384.762 384.4376 384.7277 385.0208 385.3046 385.6553 385.8004 384.9366 384.9236 385.0602 384.7117 384.1491 383.5054 382.8555 382.2465 381.8874 381.4588 380.9139 380.6757
350.5631 351.4222 353.3314 354.6368 356.5282 358.3842 361.1393 363.8619 365.5486 367.7223 370.0856 372.4965 374.4351 376.5727 378.4978 380.3377 381.7083 383.476 384.8644 386.4899 388.1352 389.7765 392.1094 394.0197 395.5258 396.0519 396.4179 396.8306 396.9281 397.222 397.2327 396.6937 395.4224 394.1257 392.0819 390.8455 389.6886 388.5355 387.1212 385.2833 384.1878 383.8895 383.0388 382.8354 382.6346 382.4555 382.7741 383.0287 383.2145 383.4624 383.6067 383.5037 382.8159 382.8713 382.4705 381.9236 381.3901 380.8547 380.3672 380.0227 379.6053 379.2963 378.4521
352.9469 353.696 354.7326 357.0512 358.8813 360.3333 362.5185 365.1726 366.9257 369.0117 371.0211 372.5035 374.5728 377.5383 380.014 382.0219 384.1094 385.7237 387.1259 389.3003 390.1927 391.7017 393.351 395.0503 396.207 396.2228 396.6345 396.6996 396.9781 397.2044 396.9381 395.7703 394.6698 392.9848 390.5056 389.0886 387.2999 385.8762 384.6036 383.0341 382.2551 381.5714 381.4549 380.5655 380.373 380.2107 380.9257 381.2869 381.5334 381.7864 382.1956 381.7034 381.4013 380.6297 380.2182 379.582 379.0218 378.9665 378.7265 378.5437 378.043 377.5003 377.0442
354.9911 355.8584 357.2081 358.7114 361.2848 362.3118 364.4142 366.6678 368.1278 369.9455 371.5294 373.8475 376.1347 378.6304 381.3088 383.1064 385.3922 387.3287 390.7287 391.7388 392.3884 393.0745 393.6537 396.0055 396.6753 396.5269 396.5264 396.7451 396.8039 396.8307 395.2676 394.2184 393.2156 391.4401 389.4514 387.091 385.3835 383.692 382.3615 381.0856 380.2999 379.4861 379.1961 378.8994 378.1602 378.0028 378.4823 379.3243 379.9052 379.946 380.6577 380.6849 379.964 379.0304 378.0777 377.3899 376.8145 376.8718 376.8817 376.8702 376.3761 375.7555 375.3206
357.2299 358.3719 359.6506 361.1522 362.6321 364.2742 366.4542 367.9794 368.9161 370.4855 372.8646 375.1897 377.5463 379.8692 382.1742 384.1717 386.4865 389.5018 392.2794 393.4834 393.4753 393.7152 394.5562 396.3232 396.2567 396.2007 396.5192 396.7064 396.5249 395.5184 393.654 392.2884 391.0617 390.0878 387.9613 385.1578 383.4537 381.8612 380.3567 379.1737 378.3415 377.5854 377.0323 376.7946 376.0179 375.8363 376.2992 376.983 376.7095 377.3593 378.9862 378.2852 377.8576 377.2379 376.2925 375.2491 374.702 374.6192 374.7449 374.8296 374.4919 373.6461 373.1295
359.8116 361.0126 362.3251 363.0711 364.4919 366.4926 368.1374 369.9157 370.7778 372.6912 374.6946 376.6789 378.9012 381.2793 383.094 385.4649 388.2401 391.567 394.1532 394.5858 394.5226 394.595 395.3092 395.7348 396.024 396.2288 396.4577 396.5033 395.264 393.8776 392.2651 390.366 389.2497 387.8196 385.9792 383.2323 381.665 380.1476 378.6065 377.4944 376.7824 375.7509 374.9594 374.6762 374.5259 373.6275 374.4149 374.8347 374.8242 374.7504 375.5225 375.7411 375.4799 374.9736 374.4071 373.0919 372.6956 372.3908 372.4637 372.2981 371.288 370.791 370.5517
362.0801 362.9973 364.2852 365.1812 366.4967 367.9822 370.0487 371.4855 372.7459 374.5961 376.5972 378.5931 380.5919 382.5919 384.4904 386.3567 389.3993 391.8574 393.4161 394.495 394.4964 394.9051 395.3348 395.6821 395.9642 396.0599 395.8937 396.2133 394.5442 392.4706 390.6574 388.9973 387.444 385.8668 383.9134 381.9023 379.9963 378.4427 376.897 376.0086 374.9956 373.7709 373.162 372.631 372.4305 371.9281 371.9922 372.3341 372.5801 372.8267 373.0778 373.2287 373.0933 372.7208 372.334 371.7619 370.6263 370.3048 369.7884 369.2989 367.9069 367.4424 367.6896
364.1123 365.0026 366.201 367.3227 368.5598 369.7358 371.4556 373.9924 374.9721 376.5051 378.5043 380.4347 382.2412 384.0631 386.5783 388.187 390.0242 392.2321 393.3221 394.0206 394.4724 394.8535 395.1388 395.4138 395.333 394.7637 394.9328 393.9169 392.3549 391.0115 388.8808 387.468 386.253 384.2567 382.4781 381.0518 378.7294 376.6209 375.1333 374.0989 373.3935 372.3371 371.3101 370.5129 369.9225 369.564 370.3086 369.7333 370.0627 370.4467 370.8106 371.113 370.8284 370.7305 370.2295 369.4938 368.9535 368.2504 367.6603 367.0045 365.772 364.7975 364.585
366.0296 366.9384 367.914 369.322 370.5878 372.3792 373.8603 375.5298 377.3301 378.4442 380.192 381.9807 383.7698 385.5803 387.8478 390.0258 391.2239 392.6375 393.5338 393.8654 394.2555 394.0906 393.6725 393.4028 393.0602 392.8622 392.7262 392.0793 390.122 388.4988 386.9387 386.4308 384.6696 382.6522 381.2408 379.6337 377.3521 375.2415 373.3193 372.5247 371.9944 371.0789 369.9376 368.2607 367.5199 367.2543 367.7586 368.2168 367.8788 368.2372 368.5782 368.9073 368.9348 368.5078 368.1473 367.3302 367.3669 366.8341 365.6409 365.0416 363.7921 362.6095 362.3388
368.5063 369.0721 370.0761 371.1313 372.7347 374.3373 376.2013 377.885 379.1537 381.0913 382.541 384.3691 386.1871 387.9272 390.2082 391.4977 392.7048 393.2268 393.4772 392.3719 391.9044 391.8204 391.4234 391.1031 390.7462 390.4665 389.8943 389.5381 388.0163 386.3772 385.1624 384.7202 383.2721 381.2689 379.6521 377.6159 375.6061 373.5932 372.2033 371.4653 370.6874 369.5487 368.3133 366.4798 365.3882 365.0538 365.5036 365.9333 366.0016 365.9889 366.3196 366.5398 366.8569 366.5161 365.9482 365.1836 365.2368 364.7285 364.0313 362.9704 361.8601 360.6251 360.5698
370.9613 371.4621 372.0038 373.6539 375.3446 376.5835 378.4803 380.121 381.3447 382.9729 385.139 386.6067 388.3718 390.0071 391.1595 392.6338 393.0956 393.1277 392.1071 390.6873 389.9327 389.5952 389.1644 388.7697 388.3907 388.0645 387.7275 387.2491 386.283 385.3998 384.3457 382.7381 381.6189 379.9374 377.9064 375.8199 373.7714 371.8927 370.5384 369.69 369.3722 367.9171 366.7108 364.8913 363.3002 362.9152 363.0534 363.7118 364.0817 363.9646 363.9794 364.3054 364.6267 364.539 363.8023 362.9576 362.9707 362.5107 362.0483 361.2221 360.2167 358.879 358.6472
373.1552 373.6491 374.7054 375.8966 377.2396 378.846 380.7323 382.4915 383.7307 385.3245 387.6383 389.191 390.1592 391.483 392.5828 393.1779 392.956 392.4814 391.0449 389.3619 387.9238 387.6056 386.9587 386.4295 386.1206 385.7247 385.3131 384.913 384.6018 383.7173 382.2378 380.9438 379.7254 378.3665 376.2871 374.1416 372.1832 370.5097 368.6749 368.3513 367.6686 366.1049 365.0446 363.3124 361.4367 360.8063 360.7033 361.007 361.6782 362.0974 361.7311 362.0819 362.4084 362.5077 361.6307 361.0386 361.0929 360.9155 360.4803 360.1395 358.9031 357.5372 356.5805
374.8317 376.1218 376.6998 377.789 379.1583 381.1908 383.8154 385.4612 386.245 387.8887 389.1511 390.6588 391.9651 393.3323 393.4024 393.2405 392.5523 390.985 389.5567 388.1296 386.6942 385.3795 384.7718 384.2807 383.8932 383.5474 383.3162 383.2064 382.4514 381.5667 380.6032 378.8641 377.7768 376.4319 374.6631 373.1933 371.0966 368.9195 367.0254 367.0252 366.0381 363.8672 362.881 361.2628 359.0562 358.7603 358.5531 358.6187 358.9562 359.3814 360.1347 359.885 360.2991 360.6283 359.8265 359.2697 359.0222 358.9314 358.7819 358.6625 357.7059 355.7858 354.5316
377.2679 377.6442 379.2155 380.277 381.942 383.6325 385.2997 387.0288 388.4597 389.7206 391.1856 392.1589 393.7835 393.7893 393.5766 393.2928 391.8393 389.6733 387.9778 386.5543 385.067 384.1316 382.7921 381.962 381.7308 381.3967 381.145 380.8568 380.3315 379.4677 378.4871 377.4656 375.7162 374.1871 373.1452 371.3635 369.2926 367.2906 366.162 364.9747 363.6542 362.2874 360.5326 358.5292 356.6444 356.511 356.4729 356.3745 356.7482 357.1534 357.8104 358.4236 358.3414 358.3958 357.9464 357.4946 357.2195 357.09 356.8604 356.4341 355.7258 354.5105 352.6462
379.9133 380.2285 380.9145 382.5901 384.0507 385.4862 387.3639 389.2942 391.0464 391.8589 393.1203 394.1993 394.1421 393.9934 393.7428 392.2511 390.6414 388.5018 386.4313 384.9486 383.4457 382.5502 381.3293 379.5239 379.176 378.9225 378.9032 378.5735 378.2165 377.4509 376.5138 375.5138 374.1596 372.4949 370.8387 369.4151 367.5261 365.7401 364.4571 362.6423 361.3078 359.9292 358.8436 356.1267 355.2545 355.1525 354.5463 354.1063 354.5166 354.951 355.6783 356.4238 356.7549 356.0508 355.9663 355.3857 355.2215 354.9554 354.463 353.9773 353.4114 352.3821 351.5171
382.5131 382.7202 383.5771 384.3912 386.1926 387.5402 389.4926 391.1224 392.5187 393.904 394.6719 394.5234 394.332 394.078 392.958 391.1215 389.3903 387.3288 385.2403 383.6307 382.3455 381.0332 379.3255 377.6977 376.6084 376.4313 376.5175 376.3534 376.019 375.4726 374.5412 373.5498 372.4792 370.7667 368.6918 367.3316 365.6367 364.1581 362.8408 361.1074 359.1266 357.5761 356.2896 355.1138 354.3037 352.8423 352.1797 351.8656 352.2877 352.8069 353.553 354.3208 354.911 354.9464 354.0598 353.3012 352.8051 352.5195 352.0504 351.5228 350.9416 350.5682 350.283
