examples/Input/rastert_times_f1.txt
ncols         834
nrows         571
xllcorner     422808.52371438
yllcorner     4832948.6261134
cellsize      3
NODATA_value  -9999.
[rows 84 to 111 of 571, columns 567 to 629 of 834]
324.2014 322.0009 322.2856 322.664 323.1812 323.9991 323.9598 322.5103 321.8936 321.9585 322.3824 322.2579 320.1909 317.8555 315.4288 312.9717 311.6507 310.8232 309.5965 307.8301 304.3308 301.9002 298.7202 296.4362 294.1832 293.8427 291.9272 289.622 286.0114 282.2234 279.3793 277.17 275.1693 273.1003 270.8191 269.2462 267.2063 265.2502 262.0288 261.3251 256.9759 252.7802 250.6726 248.3889 247.0585 245.8342 245.8707 247.9671 249.8944 251.4688 253.179 254.5536 252.308 250.0396 249.0353 250.5612 252.6617 254.7602 256.8582 258.4895 260.4723 262.0635 264.0726
321.2986 320.1014 319.9769 320.8681 321.4307 322.0592 321.6392 320.1924 319.5266 319.3679 320.0739 319.7024 319.1845 318.0529 315.3134 312.94 311.9214 310.1788 308.068 306.3344 304.3251 301.9399 299.6322 297.8163 296.0759 294.4438 292.5203 289.9244 286.8851 283.0959 280.1262 277.6656 275.6635 272.8725 270.9718 269.0776 267.598 264.9406 261.8077 261.345 257.1064 253.3159 251.3545 248.9841 246.4441 244.7505 243.6099 244.3249 245.8126 248.0275 250.2051 252.0901 250.5473 248.4167 247.1781 248.9811 250.4557 252.5175 254.6125 256.2451 257.597 259.7004 261.8284
318.85 317.9457 318.2011 318.6041 318.9709 319.3513 319.4475 317.7275 317.517 317.1706 316.7331 316.4289 315.9987 315.6861 315.0316 312.8858 311.0185 308.679 306.5921 304.7886 302.9332 300.5843 298.3659 297.0098 295.5517 293.9662 291.688 288.6232 286.1035 283.8676 280.8722 278.2888 275.674 272.2417 270.0414 268.9542 267.127 264.49 261.5357 261.1183 257.2271 253.9959 252.0208 249.5797 247.2346 244.5798 242.397 241.7834 241.9898 244.1815 245.9469 247.8494 249.3084 247.8445 246.2066 247.6394 249.168 250.984 252.8595 254.0258 255.5065 257.4995 259.6134
316.6975 315.9597 315.4305 315.7667 316.1486 316.5309 316.6367 315.5718 315.1172 315.689 315.6687 314.9558 314.3219 313.675 313.0125 311.9937 309.8748 307.5664 305.1261 303.2988 301.3965 299.2238 297.8048 295.6769 293.9066 292.8444 290.5624 287.4423 284.7251 282.7567 280.1019 277.5423 275.03 271.6068 269.6154 268.0402 266.4179 263.88 261.292 260.7779 257.5305 254.6453 252.5417 249.7949 247.4583 244.6939 242.9625 240.5485 239.7781 239.9263 241.9077 244.2908 245.981 246.5475 245.5479 246.2948 248.1679 249.7512 250.9412 252.6881 254.2224 256.2796 258.3887
314.5575 313.9999 313.4165 312.9542 313.3303 313.7033 313.6424 313.5442 313.0259 313.1417 313.3733 313.5185 312.9316 312.1506 311.3361 310.5057 308.633 306.4543 303.6431 301.8487 300.2441 298.3635 296.1513 293.9456 292.1203 291.103 289.2653 286.3626 283.5624 281.4426 278.5878 275.8358 273.5017 272.0177 268.767 267.1355 265.5136 263.1259 260.6598 260.3439 257.707 254.9143 252.6797 249.7863 247.7249 245.7825 243.2822 240.8375 238.8159 237.0975 238.3302 240.7348 242.6559 243.2276 243.8007 245.0001 246.8096 248.6066 250.7918 252.7723 254.4153 256.5196 258.7075
312.4498 311.8405 311.3876 310.8588 310.473 310.7511 310.6781 311.0174 311.5003 311.156 311.4415 311.5127 311.5826 310.6067 309.6706 308.8047 307.3771 304.9259 302.6163 300.6363 298.978 296.6864 293.7694 291.7226 290.3231 289.3535 287.4202 284.6268 282.8091 279.9257 277.0822 274.8355 272.3327 270.3028 268.0245 266.2214 264.5701 262.0789 260.0244 259.242 257.4811 255.1069 252.868 250.7348 248.5413 246.2878 243.9789 241.3456 238.5081 236.6958 235.8912 237.2058 239.2821 239.8831 241.1852 243.2576 245.7079 248.5827 251.0049 253.0569 254.6772 256.8339 259.0595
310.3749 309.7369 309.1008 308.657 308.2118 307.9364 308.3688 308.9665 309.5523 309.9668 309.6423 309.9756 310.3295 309.5598 308.5957 307.3623 305.7659 303.4173 301.7266 299.8291 297.3404 295.0556 292.0606 289.4997 288.2321 286.7957 285.1765 283.2937 281.6447 278.9238 276.6236 273.8308 271.2696 269.2342 266.9873 265.2652 263.5181 260.9727 259.1729 258.3143 256.6315 254.6562 253.2519 250.6549 248.1306 245.3783 242.4837 239.5927 237.8896 236.3941 234.6942 234.8844 236.1877 237.4018 238.5353 241.2302 243.987 246.8393 249.7948 252.6736 254.7098 257.1841 259.4008
308.9172 307.6761 307.0124 306.3979 306.0089 305.6126 306.2179 306.952 307.6895 308.1802 308.5924 308.4623 308.8429 308.3046 306.8065 305.3196 303.8333 302.3342 300.1833 298.2048 296.1081 293.06 290.06 287.8469 285.9529 284.6821 283.3987 281.8771 279.8227 278.4713 275.994 273.0065 270.7858 268.7321 265.7484 264.2796 262.6211 259.8212 258.1046 256.7238 255.2324 253.5212 251.4425 249.1444 246.3626 243.5948 240.7652 238.9426 237.4402 235.9375 234.4207 233.318 233.8403 235.0394 236.9489 239.799 243.5036 247.2765 250.214 252.2675 254.2023 257.2547 259.8117
306.9763 306.1226 305.0061 304.4749 303.9166 303.3304 304.0471 304.8522 305.7105 306.2326 306.8226 306.9004 306.5539 306.0834 304.7613 303.2192 302.2304 300.4002 298.5294 296.6643 294.3628 291.2393 287.8831 286.2159 284.7487 283.1144 281.6364 279.6253 278.2063 276.2944 274.4155 272.5452 270.3124 267.5157 264.5297 262.8643 260.306 257.6717 256.451 255.191 253.6404 252.0165 249.6325 247.5936 244.5973 241.9019 240.0156 238.4912 236.9895 235.4882 233.9853 232.4964 232.7955 234.8976 236.842 239.284 242.2485 246.1193 249.4918 251.4919 253.7912 256.7661 259.4387
305.3758 303.9062 302.7583 302.3445 301.5442 301.1147 301.8763 302.6362 303.083 303.6323 304.3683 304.8229 304.3548 303.6851 302.4914 301.5498 300.1478 298.4748 296.8639 294.6412 292.4796 289.8387 286.8982 285.0474 283.0871 281.5782 280.2035 277.9279 275.8441 274.3139 273.0315 271.6179 269.441 266.1716 263.3332 260.346 257.9305 256.0102 255.3215 254.1772 251.7815 250.1105 247.7469 245.8975 242.9406 241.0579 239.5602 238.0352 236.5335 235.0289 233.6244 232.5401 231.7061 233.8946 236.1966 239.0298 241.9935 244.9576 247.9435 250.8449 253.0623 255.6858 257.3595
302.6934 301.8187 301.336 299.9174 299.2884 299.3376 299.4977 299.8217 300.5159 300.9717 301.6089 302.2441 302.2819 301.2999 300.49 299.2137 297.937 296.5738 295.0247 292.6992 290.8385 288.9375 286.1392 283.6447 281.5489 280.0735 278.8865 276.4935 273.999 272.7143 271.4284 269.9807 266.9576 264.2441 260.7263 258.5397 256.681 255.2364 254.322 252.4892 250.1087 247.8352 246.4794 244.2637 242.0549 240.6112 239.1179 237.6468 236.2442 235.2655 233.8477 232.4177 231.6559 232.5908 234.9399 237.8172 240.8382 243.876 246.9143 249.6393 251.5372 253.8318 256.0431
300.758 299.9897 299.2441 298.3303 297.3257 297.1794 296.9772 297.2045 297.7428 298.2118 298.848 299.4852 299.883 299.9142 298.3568 297.1263 295.7775 294.2285 292.5596 290.8106 289.2368 287.396 284.9032 283.0391 282.3779 280.0721 277.1343 275.0774 272.2941 270.9605 269.4884 267.4461 264.8056 262.4192 259.3649 257.6319 256.3947 254.2504 253.099 250.8148 248.4336 246.0879 244.3014 243.4721 241.562 240.2786 238.9114 237.5153 236.518 235.1781 233.7641 232.2272 231.0972 231.6687 233.6768 236.6424 239.5881 242.625 245.6636 248.4263 249.4802 251.8405 254.511
298.7949 298.0405 297.1848 296.2705 295.9738 295.1438 294.9651 295.2393 295.583 295.8289 296.1657 296.4962 297.1335 297.4401 296.9831 294.8082 293.2849 291.7398 290.0648 288.309 286.9247 285.4096 282.9818 282.2482 281.9572 279.1775 275.6284 273.0246 270.665 268.9699 266.9759 264.8603 262.5639 260.4354 258.7709 257.0971 255.2728 253.1862 251.4292 248.8998 246.4832 244.1033 242.1081 241.2342 240.1421 238.1909 236.8406 235.8748 234.5283 233.1812 231.8751 230.3413 229.8896 230.2855 232.8654 235.4533 238.3766 241.3569 244.4009 246.5828 248.275 250.457 252.9511
296.5598 295.6266 295.0001 294.3643 293.9421 293.8794 293.2627 293.3589 293.5061 293.7492 294.0177 294.3839 294.7513 294.8175 294.4931 292.9346 290.8711 289.2486 287.7858 285.9381 284.3385 282.9044 281.4965 280.6479 279.5596 277.3924 273.3529 270.3333 268.5347 266.7314 264.5455 262.525 260.573 259.1423 257.8956 255.8943 253.8452 251.8199 249.8639 247.2289 244.5511 242.0483 240.255 239.2096 237.8925 236.5771 235.0817 233.7134 232.3898 231.099 229.691 228.0327 228.7111 228.9332 231.6652 234.6337 237.2059 239.8581 242.2402 245.3437 247.0737 249.2573 251.4799
294.0707 293.4635 292.85 292.2272 291.7104 291.5826 291.5207 291.4608 291.6729 291.8138 291.9311 292.2757 292.6482 292.518 291.9331 290.7499 289.1512 286.9528 285.4228 283.6359 282.0209 280.6787 279.0121 277.39 275.8075 273.1196 270.7989 268.0758 266.2457 264.5767 262.4968 260.6696 259.3917 258.2298 256.3921 254.6394 252.6434 250.4508 248.4973 245.8754 242.9762 240.2445 238.4107 237.4888 236.3443 234.9237 232.9976 231.701 230.3149 228.9144 227.2821 225.7668 226.7305 227.6046 230.4939 233.4609 235.9186 238.0843 241.0088 244.1004 245.8719 248.0562 250.0273
291.9103 291.2897 290.6624 289.9531 289.3615 289.2992 289.5882 289.415 289.4472 289.6651 289.9767 290.2883 290.5454 290.2288 289.3599 288.1757 286.9478 284.6435 283.2309 281.9604 280.0703 277.9887 276.5934 275.298 273.5224 271.3955 269.4881 266.3876 264.1689 262.413 260.6054 259.5524 257.8942 256.2773 254.7276 253.1361 251.3024 249.0452 247.0608 244.3191 241.2422 238.7522 236.9965 236.0918 234.6773 232.9461 231.5224 229.2495 227.6749 226.4577 224.6914 222.9047 224.44 226.3752 229.3245 231.3497 234.339 236.909 239.8362 242.8206 244.668 246.562 248.0623
289.6012 289.0495 288.4461 287.4679 286.5845 286.8939 287.1104 287.4315 287.001 287.2756 287.6021 287.9261 288.2169 288.4589 287.4295 286.2088 284.8051 283.3228 281.8231 279.6496 277.7413 275.4789 274.0678 272.8827 271.4791 269.5185 267.6105 264.7231 262.2501 260.607 259.6691 258.4854 256.8392 254.791 253.1968 251.5568 249.9463 247.9515 245.2812 242.4318 239.4952 237.3249 236.0766 234.7252 232.9531 231.0407 229.3785 227.6195 224.7747 222.609 220.6051 218.3192 220.405 223.8548 226.0684 229.4314 232.5957 235.7868 238.4776 241.7261 243.0335 244.5723 246.0822
286.938 286.382 285.549 284.0862 283.4993 284.4363 284.7483 285.0717 285.3942 284.8772 285.2496 285.5352 285.7884 285.8243 285.6817 284.6181 283.282 282.1893 280.5381 277.2643 275.5157 273.1193 271.3825 270.3408 269.0634 266.6085 264.8114 262.9726 261.1764 259.5599 258.1884 256.8501 255.3918 253.3376 251.7662 250.1671 247.7695 246.2856 243.8449 240.6934 238.2641 236.9663 234.722 233.3521 231.3273 229.5223 227.0139 225.0564 223.0787 219.9308 217.6362 217.0155 219.0904 221.2153 224.3138 227.5574 230.753 233.9514 237.1483 239.4335 240.6409 242.1821 244.5619
284.1471 283.4962 282.4223 281.4701 281.5619 282.115 282.3949 282.7176 283.0419 283.3195 282.8491 283.0268 283.0033 282.9721 282.9354 282.9281 282.0171 280.1183 277.3887 275.4172 272.7902 270.3499 268.4178 268.0666 266.5745 264.2658 262.9001 261.3074 260.074 258.5924 256.7398 255.4822 253.75 251.7376 249.4727 247.4439 245.6193 244.3334 242.1646 239.7602 237.8107 235.9245 233.7005 232.3045 230.2061 228.5752 225.8654 223.1373 220.7467 218.5658 215.586 215.1008 216.2743 219.2868 222.413 225.6001 228.7971 231.9947 235.1893 237.6247 238.0978 241.6164 243.4119
282.3221 281.0565 280.219 279.242 279.4271 279.7938 280.0417 280.3643 280.6884 280.8954 281.1494 280.178 280.1548 280.12 280.2326 280.8669 279.9355 277.665 275.4332 273.2406 271.1003 268.0549 266.3538 265.4828 264.3354 262.3743 261.3137 260.0998 258.5247 257.0653 255.815 254.5233 252.3088 250.0854 247.1926 245.3215 243.8643 242.2145 240.6834 239.066 237.0879 234.81 232.7416 231.194 228.8315 226.9171 224.996 222.3504 219.8138 216.622 214.2602 213.1165 215.5692 218.2849 220.6845 223.692 226.8409 230.0377 232.9067 235.1359 237.2381 241.2395 242.1027
280.9081 279.9547 278.3697 276.7543 276.8803 277.3698 277.6526 277.976 278.1892 278.1792 278.1595 278.061 277.2603 277.2918 277.9593 278.5706 279.0699 276.8637 274.5206 271.752 269.0521 266.0616 264.1295 263.1362 261.9963 260.9646 259.8818 258.3385 256.7841 255.3583 254.5351 253.4311 250.6045 248.319 246.3688 244.1544 242.2819 241.2167 239.8213 238.092 236.1836 233.7606 231.5812 230.0343 227.6193 225.1031 223.3099 221.3133 218.2066 215.6126 212.8832 212.3544 214.6694 217.2689 219.8816 222.5393 225.1443 228.0214 231.0462 234.3708 236.5186 238.8705 240.6028
281.3181 279.0289 277.2345 275.079 274.192 274.6948 275.295 275.3679 275.3487 275.3347 275.3164 275.2955 274.5133 275.0774 275.6553 276.2209 276.8371 275.8981 273.3523 270.034 267.0797 264.4899 262.0665 260.6791 259.7528 258.4623 257.4162 255.8786 254.5678 253.5669 252.2329 251.0844 248.4506 246.8851 244.5374 242.444 241.3775 239.9483 238.6152 237.0282 235.1406 232.9661 230.4751 228.8916 226.4367 223.746 221.631 219.1893 217.4539 214.4334 211.2682 210.9047 213.767 216.7461 219.3405 221.9809 224.5827 226.9325 230.4089 233.597 234.7563 237.896 237.1158
281.2505 278.912 276.6855 274.7128 272.6844 272.6855 272.7173 272.5253 272.5049 272.4923 272.472 272.4528 272.8362 272.7401 273.3068 273.8763 274.2909 272.9899 270.7962 267.7767 265.1904 262.5514 260.173 258.3635 257.0375 255.8221 254.9691 253.8336 252.6935 251.9751 250.5424 248.6441 247.4125 245.3361 242.9933 241.2434 239.2121 237.9114 236.8942 235.9247 233.8227 231.8261 229.6417 227.7363 225.2462 222.5689 219.7138 217.7753 215.0786 212.7675 209.7261 209.5846 212.8919 215.7433 218.9256 221.5657 224.1658 225.8655 229.1255 231.374 233.709 235.8929 234.5717
281.2145 279.1671 277.0414 275.0422 272.8109 270.935 270.23 269.663 269.6628 269.6477 269.6334 269.9442 270.5168 271.0936 270.6225 271.147 270.9955 270.2959 268.0185 265.263 263.1593 260.7021 259.0289 256.842 254.3861 253.2195 252.2441 251.2371 250.6141 250.0895 248.6334 246.9334 245.6818 244.1186 242.2769 239.7103 237.1071 235.9019 235.1828 234.6108 232.4863 230.4117 228.4874 226.9423 224.0986 221.7339 219.7718 215.8614 212.8938 210.6604 208.3144 208.6302 211.6289 214.9117 217.7876 221.0794 223.551 225.1151 226.7802 230.0622 232.3717 233.0588 231.0171
282.0721 279.9712 277.6434 275.5258 272.7559 270.5698 268.3713 267.1102 266.7462 266.7488 266.9018 267.2181 267.5447 268.0721 268.5209 268.3809 268.3799 267.3899 265.5464 263.8453 261.9354 259.6878 257.267 254.9977 253.2097 250.645 249.6185 249.239 248.8415 247.5892 246.5474 245.6942 244.4471 242.5191 240.7544 237.5522 235.6092 234.5815 233.8222 232.7865 230.8784 228.883 226.9336 225.4602 223.726 221.1776 218.2873 214.4779 211.1123 209.0438 206.5512 207.2801 210.1033 213.4441 216.8255 219.8564 222.3633 224.2101 225.7141 228.8246 230.36 228.9253 227.6194
282.9981 280.8122 278.3365 275.4785 272.6347 269.9112 267.3432 266.0718 264.72 263.4833 263.7444 264.1628 264.7027 265.0832 265.7169 266.4633 265.7883 264.9095 264.3536 263.0157 261.1217 258.2141 255.5427 252.8457 251.0274 249.2242 247.8941 247.6388 246.4158 245.0388 244.5851 244.0675 242.9967 240.952 238.7557 236.6496 234.8562 233.4359 232.2944 230.756 228.5126 226.0468 224.3563 223.3768 221.3345 219.5533 216.0611 212.9922 209.3719 207.1698 205.0114 206.3172 209.3089 212.5848 215.6895 218.0052 221.0735 223.1674 225.038 227.1135 226.8789 226.5726 226.2665
283.5898 281.3856 278.601 275.6807 272.7633 269.8426 267.8001 265.609 263.7055 262.075 260.9463 261.1386 261.6619 262.2256 263.0083 263.791 264.0218 262.9979 262.8365 262.0289 259.654 256.7582 253.7353 250.7083 249.2312 247.6807 246.3328 244.5305 243.9423 242.9568 242.6601 241.7257 240.8579 239.7276 237.2939 235.4614 233.9548 232.2371 230.5538 227.401 224.7518 222.4477 221.6558 220.1732 218.5423 216.9535 214.0542 210.7411 207.8704 205.7309 203.6891 204.881 208.0696 211.1607 213.2913 217.1316 220.1381 222.0496 224.2433 225.8774 225.6924 225.3409 225.0352
283.9283 281.4942 278.9313 276.0133 273.0414 271.0707 268.0958 265.2987 263.1761 261.4104 259.0243 258.2732 258.9302 259.7291 260.478 261.2241 261.776 261.0174 260.5544 259.9662 257.7432 255.2301 252.2215 249.358 247.8004 246.1332 244.7 242.0409 240.9277 240.8743 240.4581 239.8787 239.1162 237.8815 235.8582 234.2405 232.728 230.7791 228.6157 225.299 221.411 220.163 219.4103 218.1411 216.9673 215.5705 212.9375 209.4409 206.5539 204.417 202.7928 203.8223 206.7845 208.7813 212 216.6357 219.1664 221.1189 223.3717 224.5378 224.7852 224.2421 223.8024
