examples/Input/TIcelindxGrid_ncc.txt
ncols         834
nrows         571
xllcorner     422808.523714380
yllcorner     4832948.62611340
cellsize      3
NODATA_value  -9999
[rows 32 to 63 of 571, columns 0 to 71 of 834]
202264 199596 196478 196256 195083 192277 189412 186460 184538 180893 176305 171756 167371 164108 159672 154575 149479 144871 141666 138392 133659 128550 123680 118965 114883 109894 105565 101394 96761 92095 88102 84096 81019 77166 73045 68644 65681 62958 57812 53877 51471 49251 48277 48008 48108 48615 51205 53260 56084 58847 63013 66830 70647 73899 76342 77562 77977 79960 82565 87062 91921 95760 99348 102938 105656 109720 114055 118316 122649 127570 132229 135950
200839 197630 195518 193237 191476 190364 188461 186657 183845 179915 175787 171114 166311 162795 158053 153324 148376 143668 140465 138184 133136 127107 122273 117470 112742 107893 103606 99334 94701 89636 86628 83321 79276 75174 71009 67771 64763 60739 56065 52531 50569 48857 48643 48760 49645 50567 52533 55478 58420 61697 65266 69498 73218 75409 76654 77146 78638 81200 85512 89984 93176 97443 101156 104927 107974 112478 116434 119697 124496 128936 132319 136923
198180 195874 191697 189252 187641 186456 185722 184447 182711 179125 174977 170166 164786 161325 156586 152264 147357 143561 139987 136119 131368 126046 120330 116155 110997 105987 101598 97354 93264 90403 87219 82624 78312 73857 69619 66390 63367 60509 57035 53302 49522 48932 48902 50104 51028 51980 55762 57942 61521 65127 68924 72437 74637 75956 77548 79020 81530 84996 89257 92648 96001 98497 102991 106653 109656 112866 117392 121325 125646 129263 132978 138036
194862 192303 188867 185449 184274 182647 181664 180665 179286 177352 173406 168604 163809 159852 155064 150768 147780 142884 138665 134101 129727 124649 120422 114977 109829 104626 100157 96028 93161 89138 86420 82178 77768 73019 68541 65545 61740 59160 56307 53111 50836 49162 49449 50874 52275 54486 58367 60735 64972 68447 72478 74544 75218 77946 79845 81677 85215 88583 91989 95412 98781 101401 104712 108518 110424 114505 119000 122932 126418 130797 134799 140381
190748 188295 184615 182966 180215 178559 177610 176321 174955 173283 170701 166930 162334 158420 153559 150611 146259 141733 136642 131667 126906 122605 118414 113504 108619 103579 99308 96451 92400 88386 85663 81182 76653 71662 67228 63574 60110 57527 55020 53086 49829 49655 50578 52179 53932 57858 62116 63936 67226 71856 73568 75022 77469 80222 83128 86258 89549 91588 94734 98156 101697 104437 107004 109539 112245 116199 120720 124295 128450 132576 137161 142187
185105 183197 181430 179366 176406 174525 173374 171827 170095 168427 166576 163231 160122 157273 153375 149008 144526 139459 134427 129460 124121 120398 116016 111877 107185 102732 99788 95690 91654 87632 84762 79532 75329 70848 66284 62285 58565 56230 54223 51657 50095 51131 52383 53721 57320 62088 67245 68734 70470 72145 72915 75661 79163 82203 86704 91317 93364 95408 97505 101002 104591 107295 109202 111782 114850 117877 121861 125921 130492 134774 139147 143703
180918 178717 177509 175568 173617 170349 168680 167011 165285 163647 161902 159426 156719 154606 152193 147098 142195 137095 132074 127150 121763 117744 113638 109953 107318 102728 98504 94479 90429 86415 83233 77945 73543 69646 65408 61044 57390 54847 51792 50845 51478 53198 54530 56268 59662 64550 68608 69756 71285 72671 74562 78435 81787 85993 90041 94415 96946 99309 101468 103885 106419 109636 112222 114849 116904 120267 123586 127388 131463 136215 140887 145461
178746 175589 172904 171371 169375 167233 163705 162039 160370 158684 156917 154913 154344 153254 150708 145642 139988 134950 129719 124767 119944 115970 111864 108384 105216 101353 96575 92527 88449 84445 81186 76553 72101 68290 63913 61208 57214 53872 51525 51551 53438 55147 56657 59710 63156 66584 69553 70276 71217 74247 77211 80298 84375 89312 92907 96045 99983 102653 105314 107163 109304 112614 115274 117915 119981 122222 126221 129436 133175 137169 141925 145178
175679 172336 169492 167157 164851 162677 160419 157070 155181 153417 152177 150225 149134 147210 145147 142565 138389 133199 128023 123179 118587 114549 111483 106941 102746 99257 95140 90644 86585 82344 79049 74367 70249 66702 63561 59803 56576 53587 51861 53189 55356 57412 60051 63396 65954 68676 69376 70691 73691 77263 80272 83873 88558 92279 95363 98501 101807 105775 107696 110429 113058 115721 118416 121072 123064 125443 128335 132179 134961 138543 141793 146576
172473 169212 166023 163725 160923 158097 155878 153903 150454 148955 147151 145267 143374 141504 139732 137585 134817 131451 126568 121597 117209 113862 109563 105164 100750 96972 93290 89259 84715 80249 76979 72251 68114 65856 62018 57432 55279 52446 53390 55855 58389 60984 63457 65441 67455 69092 70566 72649 76191 79786 83597 87958 91354 94800 97819 101044 104359 107213 110607 113703 116540 119319 122082 124038 126144 128509 131170 133959 137376 139465 143176 147592
169345 165956 162699 160332 157362 154302 151290 149519 147353 144461 142428 140041 138588 137191 135444 133268 130505 127847 124420 119572 116253 111451 107532 103266 98897 94740 91385 87335 82916 78146 74860 70294 67143 63430 59716 55367 54274 52718 55232 57948 60655 63423 65125 67480 68526 70598 72797 75594 79242 82396 86334 89995 93240 97478 100678 103911 106155 109364 113373 117090 120110 122897 125592 127741 129728 132090 134479 136393 139791 142122 144451 148209
166069 162717 159280 156862 153871 150929 147796 145113 142140 138342 136516 134505 132701 132585 131095 128780 126157 123921 122276 118355 113775 109077 105389 101223 97062 92782 89275 85532 81310 76173 73339 69880 65791 61102 57352 54425 53493 53678 56823 60112 62697 65226 66352 67214 70416 73526 75945 78628 81661 85269 88466 92045 95706 100338 102901 105861 109035 112447 115974 120391 123443 126561 129093 131532 133516 135896 137609 139378 141981 145208 147392 150140
165484 162120 157957 153845 150639 148580 145341 141852 138104 135543 131298 128757 126918 126797 126631 124475 122471 121237 119021 116331 111417 106771 102811 99161 95125 91097 87027 83628 79202 75747 71846 68902 64312 59645 55092 53917 53463 54582 57945 61394 64385 65210 66171 68886 71735 74922 78636 81712 84439 87170 91311 94951 98818 101449 105472 108739 112217 115711 119107 122618 126873 129973 132773 135327 137269 138955 141173 142894 145046 147339 150717 153092
165336 161731 157002 152895 149885 145896 142588 138380 134152 131668 128347 123215 120057 120515 121193 120367 119241 117581 115325 112935 110112 104490 100301 97076 93116 89061 85282 81761 78719 74336 71203 67699 62902 58485 54798 53420 53905 56220 59813 62946 64263 65087 66764 70233 73896 77643 81287 84595 87392 90354 93230 98048 100789 104795 108327 111748 115173 118518 122344 126130 129416 133535 136257 138667 140260 142080 144317 146404 148543 150681 152975 156791
165111 161087 156016 153168 149155 144960 140176 135866 132261 128977 125285 121476 117618 116201 116917 116294 114293 112525 110402 108784 106579 102663 97706 94780 91177 87154 82937 80356 77295 73164 70223 66665 62335 58510 54606 53566 55315 58179 61262 62846 64456 65268 69011 73217 77194 80961 85291 87303 89804 92891 96489 99015 104013 107585 111077 114562 118000 121882 125757 129439 132870 136246 139815 141336 143807 146099 148275 150274 152312 154274 156929 159905
164697 160113 156641 152555 148870 145004 140093 135312 130243 126933 123297 119341 115781 113705 112600 110714 109535 107759 105880 103969 102680 99346 95322 91182 88116 83710 80648 77783 75103 71745 69105 65892 61695 57655 54219 54937 56603 59046 61258 63615 64347 66478 70835 75717 79863 83849 87263 89923 92431 95793 98421 102339 106946 110669 114016 117501 121396 125289 129142 132395 135590 138884 141719 145162 147983 150202 152343 154323 156233 158063 161452 162895
-9999 161745 156906 152627 148587 144943 140038 134794 129574 124826 121241 117712 114146 111318 109031 106952 104849 102807 101066 99352 97477 95624 92021 87948 85093 81347 77715 75235 72582 69618 66620 63463 59856 56078 55308 56173 57776 59777 61997 63497 65001 68944 73026 78091 81986 85501 88986 92097 95077 97905 101572 105278 109210 113408 117129 120629 123835 127851 131462 134761 137615 140795 144469 148759 152003 154231 156272 158081 159970 161856 164724 167120
-9999 161314 157579 153220 148983 144716 139979 134579 129262 124559 120929 118700 114774 109034 105540 103256 100766 97939 96287 94895 92844 90758 88500 86440 81830 77817 75180 72635 70094 67494 64647 61359 58926 58233 58037 57181 58070 60144 62163 64015 67111 71355 75745 79710 83576 87202 91040 93566 96826 100879 104291 107949 111909 115603 119636 123383 127249 130126 134179 137197 140299 143678 147547 151003 155257 157761 160142 161847 163636 165610 168274 170262
-9999 161281 158271 153693 149367 144910 139938 134811 130378 125589 122342 118554 114357 108586 104726 100635 97128 95164 92098 90461 89134 87274 86129 82774 79251 75079 72589 70116 67692 65149 62687 59315 59188 59191 58974 58759 58919 60541 62721 66013 69007 73586 77943 81561 84920 89204 91777 95674 98609 102925 106203 110115 114020 117670 121084 125410 129682 133952 136593 140824 143523 147257 150857 154378 157402 161007 164057 165781 167444 169784 171568 174386
-9999 162598 159030 154426 149644 144941 140143 135301 131093 127795 123156 118616 113833 108236 104615 100620 96589 94203 90213 87341 85717 83866 81404 77972 75125 73138 69586 67006 64484 61620 59110 59268 59437 59462 59499 59232 59832 61024 64252 67671 70959 75572 80100 83260 87015 89493 93908 97726 100780 104888 108343 112174 115795 119661 123193 126827 132753 135807 139549 143196 147206 151175 155025 158621 161467 163742 166919 169444 171680 173227 175594 177713
-9999 162704 159142 154106 149785 145123 140277 135536 132999 128405 123340 118438 114094 108338 104671 100492 96441 92969 88317 84641 82758 80017 77145 74257 71610 69555 67068 63371 60460 57371 56599 57525 58343 59281 59466 59634 60011 61529 65388 68833 72845 77242 80921 84717 87264 91131 94943 99375 102384 106250 110639 114735 118238 121862 125215 129925 133633 139073 142579 146169 150496 155232 159298 162835 165307 166871 169074 173260 174578 176463 178394 181590
-9999 159196 156590 153774 149798 145253 141183 137333 133106 128148 123770 119110 114263 108946 104885 100303 96268 92033 87611 84971 81983 77998 73983 70852 68611 66087 63257 60074 57069 54018 54800 55575 56594 57650 58764 59302 59556 62353 66116 69500 74419 78852 81652 85060 88714 92513 96612 100599 104250 108502 112885 116996 120854 124484 128636 132601 137310 142079 146145 149765 154086 158718 163237 166735 168643 169885 171748 175614 178349 180291 183181 187174
-9999 156984 154319 151442 148206 144646 140119 136527 132149 127171 122828 118340 113860 109121 104922 100223 95972 92589 88040 84125 80314 76471 72601 68559 66364 64148 60678 57599 54240 51745 52267 53426 55093 56655 57856 58653 60132 62647 66306 70227 74761 78703 81704 85955 90481 94229 98482 103835 107896 112442 117197 120979 123847 126672 131331 136137 140915 145030 149737 153339 157438 162029 166306 169308 172184 173335 175633 178598 182226 184629 188084 190934
-9999 154700 151982 148252 146125 141905 137469 134417 130996 126172 121878 117357 112795 108169 104966 99725 96672 92719 87982 83570 79755 75921 71863 67693 64062 62089 58385 55267 53159 49914 51464 52552 54354 56030 57417 58147 60385 62742 66740 71256 74297 78864 82041 86949 92076 96460 100774 105592 110002 116160 121342 125069 127111 130115 134945 139797 144495 148506 152213 156682 160738 165153 169522 172171 174204 175978 179036 182362 185385 189163 192575 196147
-9999 153124 148442 146234 142930 138920 135098 132014 128896 125396 120617 116119 111535 106824 103668 100062 95638 92537 87847 83201 79186 75213 71100 66817 62509 59937 56526 53930 50723 49215 50628 51753 53342 54973 56623 57697 60288 63482 67908 70775 75258 79442 82445 87114 92094 97014 102471 106564 111035 116555 122327 125462 129144 132779 137248 141586 146413 150386 153725 158709 163278 165286 168189 170017 174112 176121 180297 184599 188182 190592 195097 196962
-9999 151476 148239 143517 139859 135926 132691 129635 126563 122628 119158 114797 110154 105361 103625 98407 94790 91284 87259 82898 78785 74358 70288 66019 61678 57685 56032 52048 48229 48356 50046 50598 51915 53277 55760 57821 60279 62852 67160 71017 75254 79142 83162 87582 92096 97089 102530 107375 110942 116863 120121 124498 129013 132973 136414 140617 143800 148098 151285 155222 160356 161749 164969 167661 172387 174886 178830 182464 186019 190562 194429 197099
-9999 152002 146888 142091 137313 133422 130324 127332 124007 120188 116096 112646 108137 104236 100955 96587 93091 89329 85153 81456 77871 73824 69290 65170 61007 57773 54143 50280 46255 46948 48304 49345 50212 52588 55167 57687 59776 62110 66939 70932 75132 79095 83776 88201 91714 96527 101020 105161 107442 113015 118115 123092 125928 130244 133651 137258 140681 144032 144655 148313 154828 158140 161591 165003 169574 172248 175534 178939 182453 187448 192790 195982
-9999 149952 145365 140308 135796 131183 128062 124879 121171 116926 112987 110229 106136 100980 98176 94155 90328 86331 82929 79777 76276 72071 67980 64543 60649 56551 52511 48557 44718 45157 46494 47477 49510 51982 54587 56341 58900 61958 66325 70663 74793 78920 83243 87020 90516 94745 99029 102576 105225 110825 115318 119416 123721 126926 130299 133767 137326 139571 138691 141958 149580 155110 158710 161867 166200 169001 172342 175408 178842 183757 188464 190673
-9999 148650 143806 139186 134363 129518 125725 121983 118095 112988 110312 106995 102875 97851 95148 91325 87516 83736 80376 77361 74309 70279 67468 63183 58947 54887 50918 46966 43203 43442 44859 46216 48960 51435 53124 55583 57986 61430 65218 69918 74113 78352 82647 85893 89005 92887 95867 100261 103175 107356 111724 115591 119585 123865 126872 130377 133714 136128 138334 143442 146200 150487 156144 159469 163176 165658 169297 172257 175320 179722 182866 186741
-9999 147662 142728 137878 132614 127343 123177 118937 114160 110820 106769 103369 99717 95704 92247 88284 84654 81236 77989 74964 72204 69580 65627 61638 57098 53095 49579 46138 42770 41932 43855 45655 48246 50010 52195 54632 57084 60867 64658 68803 73220 77564 82236 84937 87415 89887 93731 97745 100189 103974 108116 111528 115619 120172 122414 126147 130072 133184 137302 139650 142088 145674 151407 156660 159814 162478 166288 169820 172583 175072 179440 183030
-9999 147004 141886 136841 131676 126650 121859 117339 113117 108352 102717 98573 95507 92441 89996 85667 82450 79109 75880 72522 70728 67643 63563 59223 54842 49796 47143 44458 41839 40575 43065 44599 46505 49033 51583 53703 56498 60259 64297 68428 71434 75518 80276 82998 85468 88088 91363 94702 97168 101186 104555 107822 111819 115702 119362 121873 124928 129247 133518 137485 140287 141509 146242 151172 156554 158733 163362 166393 169170 172542 176511 179715
-9999 145368 140354 135253 130527 125747 120469 116419 111092 105943 101082 95464 92703 89598 87285 83891 79781 76343 73788 70753 67922 65100 59566 55171 51136 47692 44189 41649 39016 38005 40385 43009 45557 48030 50602 53035 55953 59837 63780 66241 69008 72644 76383 79742 83314 86357 87396 90617 93384 97567 101221 104518 108001 111791 114268 117847 121006 125444 129696 133622 137661 140259 144820 149582 154001 156907 158874 162865 166692 170219 173783 176589
