examples/Input/TIcelindxGrid_ncc.txt
ncols         834
nrows         571
xllcorner     422808.523714380
yllcorner     4832948.62611340
cellsize      3
NODATA_value  -9999
[rows 128 to 159 of 571, columns 576 to 647 of 834]
246870 247121 248435 251006 252927 254789 257454 263438 267169 270556 273922 276555 279237 282761 286312 289880 292303 294820 298928 305186 311724 314981 318182 320831 324090 328028 332071 335624 339675 343015 343689 344130 345591 347225 348548 349030 349893 351245 352339 352216 350063 347022 344089 341192 338339 336687 337516 337456 337238 336731 336006 334136 334773 335559 336657 337406 337874 339758 341807 344621 347036 348788 350292 351715 356109 357198 356037 353244 350812 348111 345221 343182
250831 250832 250609 252969 255523 257252 261549 265987 267302 269042 271209 274445 277771 280556 283913 287366 290712 292922 294830 300725 307846 313335 315732 319604 323680 327429 331290 335687 339220 344128 346269 347962 349101 352011 352359 352627 353049 353738 354772 353850 351015 348093 345172 345168 343646 342174 341193 341236 340449 339627 338562 337800 337205 339226 340270 340574 340214 341883 343376 346212 348827 350597 351370 354677 358441 358948 356894 354174 351829 349383 347456 344741
252902 253012 253585 255516 258067 260044 265293 266737 268081 268956 270480 272883 276081 279118 282072 285462 289274 292025 293848 298105 303693 307903 313665 319239 323028 327127 331262 335503 339531 342806 346616 351536 353329 353799 355815 356467 355828 356536 357077 355292 353125 351733 350259 348847 348356 347237 345684 344078 343298 342559 341179 341977 340558 341815 343732 344090 343745 343988 346059 348243 350448 352135 353708 356686 359903 359836 357606 355084 352444 350671 347689 345837
255915 255978 256520 258004 259795 264165 266174 267511 268413 269701 270998 272524 274814 277414 280687 284848 288553 291347 294658 299134 302227 307151 312304 317841 322610 327229 331533 335730 339848 343979 348217 352331 354605 356693 357653 358115 358668 359645 358715 356946 355749 354500 353054 351537 350504 349823 348272 346654 345788 345004 344036 344562 343392 344631 345086 346609 347145 348344 349107 350692 352297 353660 355584 358718 360967 360947 358976 355463 353357 351095 348491 346314
259981 259242 259658 260479 262201 265370 266912 267824 269146 270450 271697 272963 274620 277525 281485 285214 289244 293171 296149 299625 304381 308447 313465 318694 323417 327503 331980 336207 340383 344868 348966 351811 354807 357382 359014 359435 361638 362250 360560 358769 357691 356487 355390 354479 353057 351500 350802 349220 348211 347412 346581 346411 345920 346572 346733 347549 349478 350193 351326 352784 354643 356124 357585 359697 362185 362039 360103 357518 354082 352007 349549 347067
263196 263133 263207 263593 264680 265897 267037 268962 270368 271701 273042 274200 275058 278843 282513 285773 290410 293784 296640 301712 306686 310520 314583 319572 324289 328225 332229 336679 341223 345015 348295 352602 355269 357820 360137 361065 362880 363418 362634 360580 359993 358988 357830 356568 355375 354065 352608 351676 350612 350062 349514 349682 349605 350322 350050 349691 350641 352175 353193 355091 357151 358770 360209 361994 363832 363129 360998 358856 355613 353210 350424 347992
267309 266860 266984 266495 266574 267815 269202 270624 272310 273331 274342 274243 275792 279473 282986 286059 289562 295047 298751 303845 308858 313477 316279 320479 325089 328970 332839 337055 339838 343870 348083 352791 355486 358278 361060 362897 364558 364944 364023 362883 362117 361448 360183 358921 357629 356387 355063 353943 353160 352665 352577 352859 353061 353340 352910 352379 352853 353907 356637 358697 360669 362195 362574 363846 364633 363897 361662 359492 356645 354259 351079 348808
272066 271409 270430 269930 269424 270026 271096 272101 273477 274496 274405 273744 276097 280604 284351 287064 291520 296096 300216 305940 311458 316070 319263 321614 325848 329827 333513 336054 340010 343755 348002 352798 356038 358768 361514 363435 365712 366350 366322 365718 364472 363429 362464 361216 359951 358785 357104 355817 355755 355832 355771 355790 355900 356272 356332 355718 355965 356906 359856 361342 363163 364341 365140 365792 366222 364943 362316 359915 357514 355287 352787 350315
276556 275815 275078 275155 273377 272009 272243 273255 274287 274618 273515 274231 276091 279177 282820 288419 292964 296384 300863 307355 312808 316759 320693 323804 327035 330742 333269 336844 340674 344590 348375 353060 356338 359204 361968 363866 366445 368350 368028 368067 367139 365864 364625 363571 362441 360640 359027 358149 357782 358589 358503 358474 358465 358739 359127 359085 359107 360206 361376 364010 366112 367279 368292 369331 369739 366782 363499 360703 358259 357032 354199 351839
280352 279739 278802 278296 276768 275568 274548 274419 274991 273949 273002 275253 276362 277850 282081 287337 293133 296534 300239 306913 313173 316972 321315 325221 328535 331170 335704 337878 341591 345114 348830 353242 356909 359781 362937 364996 367441 369068 369952 370486 370989 369679 368262 366872 365716 364427 362850 361008 360772 360708 361724 361675 361636 361591 361656 361786 362157 363031 363825 365580 367893 368979 370182 371350 371289 369381 365136 362139 359505 357625 355365 352974
283031 283479 282651 280939 279439 279016 278169 277155 276165 275465 275460 276434 277390 278910 282333 287671 292017 295983 298842 305597 312793 316894 321028 323890 327293 331688 335742 338760 342069 344959 349092 353798 357334 360474 363623 365385 367718 370038 372132 373409 373002 372968 372296 370760 369335 367746 365980 363726 364298 364350 364202 365217 365243 365108 364799 364575 364640 365503 366529 367261 368893 370924 372345 373929 372305 369789 366579 363550 360523 358619 356118 354780
286349 285863 285147 283979 282739 282545 281699 280732 279625 278647 278645 278853 280074 281571 283340 288169 292522 296032 298365 304521 312187 316825 319573 323447 327068 331567 336057 339382 342495 344915 349075 354265 357792 361184 363734 366080 369451 372271 376131 375869 375502 374889 375206 373844 371903 370395 369980 369394 368037 367837 367762 367888 368752 368661 368527 367889 367480 367735 368068 369363 370782 372307 374437 374766 372967 370328 367522 364229 361139 359439 357771 355604
289856 288417 287284 286451 285090 285039 285294 284272 283160 282509 281739 281926 283099 284100 285593 289334 293907 296568 298290 304222 312677 316196 319291 322743 326944 331446 337246 339978 343038 346640 350509 354511 357900 360324 363833 366290 369773 373536 376612 377545 377248 377758 377781 376516 374731 374387 373890 373685 372535 371601 371014 371088 371341 372248 372199 371575 370827 370331 370647 371787 372837 374039 376178 375347 373864 371069 368182 364771 362336 361256 358598 355893
292879 291734 291027 290432 288798 288571 288839 287865 287045 285937 284968 284950 285547 287247 287940 290989 295299 297287 298597 305412 311074 316464 320635 321838 326741 333182 337880 340774 343908 346995 351218 354450 357060 360471 364007 366430 369988 373382 376547 378710 379233 379515 380006 380272 378886 378222 377679 377010 375551 374254 373261 373595 373772 374923 375655 374551 373347 373066 373438 374486 375105 376564 376999 376074 374297 371684 368703 365994 364244 362282 359205 356214
296606 295854 294961 293496 293351 292517 292440 291888 290668 289496 288338 287937 289056 289839 291322 293212 296231 298101 299355 305637 312535 317288 320978 322711 327745 335688 339010 341923 344970 347469 351879 353839 357209 360593 364151 366380 369569 372990 376149 379029 380771 381789 382203 382394 382977 381858 381253 380142 378069 376186 375558 375914 376183 376704 377789 378028 376696 376514 377115 378312 378348 378707 378203 376419 374651 371846 368988 366814 364296 362430 359933 356908
299956 299363 298314 296952 296136 296680 296285 295415 294225 293100 291956 291292 292444 293101 294159 296457 297887 300100 302947 307881 314078 319027 321711 324677 330093 336392 339829 342783 346130 347984 351337 354184 357345 360839 364006 366450 369599 372764 375830 378753 381611 382554 383522 383940 384666 385255 384346 382576 379816 377399 377026 378208 378427 378796 379387 380396 380205 380438 380928 381110 380954 380317 378273 376412 374604 372615 369812 366971 364325 362439 359984 357545
303376 302532 301396 300534 299892 299265 299641 298666 297832 297000 295846 295649 295693 296686 297721 298542 299576 301020 304150 308756 313791 318268 322234 326727 332261 336643 340077 343390 345967 348665 350942 354271 357840 361030 364176 366332 369398 372561 375616 378545 380496 383077 384268 385039 386778 386863 387052 384450 381518 379022 378447 379255 380035 381119 381950 382227 382873 382890 382876 382849 381140 380192 378094 375101 374322 371950 369453 366513 364019 362400 359953 357292
306628 306044 304736 303966 302993 302321 301942 302056 301004 300412 299102 298937 298811 299569 300463 301007 301238 302862 305381 308526 312407 316992 322257 327833 332660 336469 340052 341919 344927 347838 351021 354541 357946 360952 364004 366159 369252 372332 375359 377390 380274 383045 385045 386590 389064 389033 388034 385802 383078 381150 381162 381290 382154 383716 384328 384376 384634 384939 384730 383579 381583 380465 376758 374654 372632 370171 369069 366524 363620 362016 359667 356938
310141 309925 309257 308227 307111 305942 304401 303687 304312 304030 302211 301760 301682 302339 302935 303537 303694 305084 307183 310080 313170 317793 322329 328791 332442 335468 338058 341585 344882 348119 351467 354903 357922 360836 363824 365922 369011 372053 374227 377137 380046 382822 385298 387461 389665 389772 388774 387608 385484 384038 383585 383306 384919 386543 386316 386648 386240 385663 385104 383243 380077 375497 374646 372579 370465 370016 368572 366391 363239 361629 359494 356746
314404 314545 313796 312600 311544 310382 308729 308604 307710 306601 305714 304708 304518 304974 305680 306534 307629 309126 311542 312721 314305 317880 322067 328085 331803 334861 338337 341826 345229 348515 351924 355106 358072 360881 363887 365975 368784 371113 374096 376915 379820 382582 385382 388325 390184 390659 390348 388825 388030 386861 386489 386760 386695 388035 389583 390226 388943 386227 384865 383122 380031 375826 372918 370813 370286 369871 368053 365978 363382 361206 359313 356697
319310 318989 318426 317752 315839 314485 315533 314098 312038 311496 309846 309315 308229 308593 309692 311328 312392 314189 315042 317603 318320 319760 322750 327957 332117 335348 338794 342205 345492 348875 352327 355290 358146 360927 363924 365537 368092 371199 374171 377035 379889 382595 385134 388296 390297 392332 392257 391563 389933 389296 388317 388413 389032 390285 391614 391864 390817 387968 385269 384302 381199 377331 373083 371596 370192 369657 367534 365414 363273 362143 360060 358901
322505 322848 322225 321880 320615 319710 320039 318678 316455 315105 315867 314599 313337 312865 313862 315339 317055 319121 320009 320614 322715 323443 324852 328727 332726 335892 339229 342606 345871 349121 352561 355476 358220 361020 363040 365596 368158 371323 374253 377092 379974 382309 384647 388363 390409 393106 393999 394327 392516 390562 390331 390514 391333 392375 393148 392703 391076 389230 387277 385105 383074 380147 375302 372628 370829 369235 367462 365843 364255 363080 362460 360256
325360 326421 325430 325246 324951 324934 324540 323408 321552 320560 319304 319603 318332 317582 318933 320304 321415 324096 324399 324863 325592 327305 328017 330523 333341 336485 339684 342992 346199 349545 352699 355637 358378 360292 363194 365657 368229 371431 374335 377209 379661 381471 384725 388513 390674 393187 395456 395995 394853 393082 391746 392753 393240 394895 395363 393956 392017 390700 388658 386277 384022 381335 377235 374081 372200 370561 369172 367102 365746 365089 363433 361692
328752 328786 329259 328319 327943 327795 327364 326527 325792 324122 321976 321642 322194 322638 324025 325095 326109 326802 328618 328897 329219 329742 331751 332772 335240 337915 340436 343383 346552 349796 352874 355824 357648 360468 363283 365729 368294 371533 374402 376616 378787 380863 384668 388581 389622 392792 396229 397044 396994 395872 394142 393980 395454 396409 396446 395172 393774 391649 389534 387210 384965 381881 378354 375767 374167 372173 370552 368801 367589 365744 364818 362607
330567 331509 331097 331979 331811 331285 330862 330271 328990 326995 325242 324125 324568 325960 327723 328486 330187 331072 331324 331952 332590 333375 334066 336068 337792 339826 342043 344563 347090 349940 352669 355131 357824 360579 363404 365806 368390 371402 373575 375777 377933 380172 384182 386980 389478 392093 394949 397523 398403 398046 396540 395851 397013 397547 397427 396435 394657 392442 390202 387645 385008 382097 379463 377918 376118 374111 372621 370969 369051 366795 366254 364236
330503 334125 334786 335299 335876 335496 335377 333921 333055 329709 328190 327186 326675 328439 330510 331130 332778 333743 334348 335110 335652 336300 336699 338235 339711 342146 344323 346716 349128 350709 352683 355307 357988 360687 363528 365921 368044 370584 372688 374862 377061 378839 382902 385865 388491 390716 393417 397077 399002 399381 398741 398132 398115 398624 398291 397143 395462 392932 390741 387792 385132 382706 380742 379698 377712 376252 374386 372311 370557 369186 367315 366262
330165 333460 335912 338019 338721 339703 338782 337908 336988 334608 333067 330804 330203 331318 333458 334642 335506 336611 337165 337815 338983 338140 338248 339237 341813 343635 346323 348873 350183 352438 354391 356357 358281 360771 363454 365347 367340 369782 371851 374067 375604 378117 381257 384905 386456 389441 392171 395979 399115 400517 400539 400260 400210 399787 399081 398061 396199 393608 391291 388195 385832 384032 382121 380235 379222 377622 375726 373586 371832 369976 368614 367958
329419 332052 335027 337353 340215 342785 342940 341947 340581 338170 337350 334794 333245 334443 335621 337160 338785 339613 340432 342506 343768 343033 342120 340905 342576 345177 347659 349314 351720 354102 355789 357787 359592 361731 363475 365350 367347 369828 371904 373123 374861 376861 380544 383598 385680 388373 390802 395950 399127 401309 401960 401849 401532 401357 400049 398560 396608 394379 391966 389526 387108 385418 383331 381729 379775 378497 376909 374888 372605 370881 369955 369361
329488 332566 333985 337357 340875 343685 345417 345554 344071 341816 339892 337228 335617 337455 338423 338956 340028 340716 343584 347202 348473 347334 346097 344799 343707 346108 348098 350516 352984 355690 357508 359076 361571 363709 364989 366196 367791 369499 370184 372012 374401 375399 379449 382306 384381 387203 391765 395707 398429 400868 402244 402687 402681 402228 401083 399181 397376 395284 392917 390937 388495 387054 385570 383167 381126 379267 378027 376077 374038 372921 372062 371455
330361 332758 334825 337935 341581 344836 347062 347867 346958 345033 342357 339342 338492 339318 340521 340829 341361 342926 346021 349464 351432 350265 348949 347534 346449 347141 349254 352016 354330 357120 359440 361280 363201 365336 366889 368108 368933 370185 371534 372949 374310 375983 378023 381222 384222 387951 392238 394986 397551 399505 401846 403181 403694 403699 401967 399983 397786 396224 393984 391738 389981 388647 387044 384962 382908 380522 378539 376996 375749 375032 374199 373125
331834 334442 336211 339549 342975 345969 347683 349492 349531 347447 345021 343144 341053 341307 342768 343077 343849 344840 347835 350067 351784 352427 351118 350137 349298 349320 351382 353661 355667 358284 360066 362064 364749 366689 368463 369509 370194 371426 373178 374562 375457 376839 378490 381373 384123 387920 391835 394128 396472 398807 401629 403953 404322 404153 403143 400851 398763 397243 394852 393346 391513 389721 387758 385803 383284 381039 379054 378397 377606 376869 376133 375273
333710 336321 337818 340855 344195 346771 348974 350849 350992 349815 348028 345295 343703 343984 345096 345949 346669 348364 349920 351085 352039 353112 353595 352387 351934 351378 352843 354602 356662 358597 360820 363232 365719 367657 368641 370622 371486 372752 374994 375871 376532 378129 379997 382488 384587 387817 390476 393668 396422 398455 401115 404241 405298 404562 403355 401693 399530 397681 396579 394511 392589 390605 388565 386728 384857 382804 381000 379973 379638 379108 378257 376367
