examples/Input/TIcelindxGrid_ncc.txt
ncols         834
nrows         571
xllcorner     422808.523714380
yllcorner     4832948.62611340
cellsize      3
NODATA_value  -9999
[rows 224 to 255 of 571, columns 360 to 431 of 834]
254802 259217 263386 267498 270634 273053 275417 279147 282431 285957 289861 293585 297490 300799 305037 307617 309173 312553 316298 319038 322819 326557 329327 332707 336146 339037 340732 341175 342662 345125 346256 346312 348616 349822 351323 352537 354328 356392 358737 361754 363248 366367 368714 371930 371823 368987 365807 363635 360914 358054 356195 353358 351170 348304 345836 343000 340290 337936 335331 332985 330134 327142 324070 321003 319466 317109 313484 310638 306508 303632 300197 296572
254703 258847 262959 265835 269879 272696 274892 278175 281644 285201 288786 292470 296124 299352 302659 305685 308146 311701 315425 318484 321703 325740 329544 331796 335176 338055 340481 341406 343669 346038 348799 349551 351390 352263 353496 354592 356326 358356 360377 361856 364553 367687 370440 373065 372402 369540 366791 364194 361532 358746 356953 354956 351442 348351 346296 344295 342091 338799 336369 333451 331589 328879 326050 323897 321314 318070 314422 311552 307335 304294 301211 298118
254619 258685 261315 265451 269503 272190 274490 277180 280847 284536 288115 290683 294345 297715 300170 304162 307423 311411 314892 318103 321016 324067 327865 330584 333493 336713 338602 340652 343525 346319 349698 352069 353874 354598 355842 357001 357979 359751 361219 363127 365379 368408 371630 373605 373029 370326 367620 364755 362355 360167 358575 355665 351631 348599 346621 344913 342376 339656 337475 335061 332628 330476 328448 325435 322072 318397 315027 312309 308180 304188 301990 299660
253717 257541 261002 265047 269073 271656 274301 276089 279159 282898 286695 289848 292858 295395 299737 304269 307443 311263 314694 317973 321045 323640 326541 329819 332547 334995 337268 340211 342800 345385 348263 351723 354993 355837 357848 359236 359865 360977 362958 364268 366452 369561 372515 374213 373630 370931 368356 365613 363128 361332 359689 356695 353248 350033 347003 344635 342997 341152 339116 336935 334277 332075 329770 326308 322519 318755 315426 313010 309057 305398 302333 300238
253340 257371 260931 264669 268655 271152 274150 276353 277593 281334 285295 288656 291537 295080 299692 304346 307269 311185 314504 317739 320954 323649 326351 328508 331184 333572 336501 339221 341812 344389 347587 351469 354104 355181 357892 359335 361296 363309 364416 365860 368280 371141 373208 374965 374669 372377 369545 367412 365138 362334 360448 357739 354690 351837 348907 345548 343740 341904 339576 337897 335601 333191 330009 326459 322744 319431 316195 313686 310188 306454 303281 301399
253596 257193 260863 264352 268225 270927 274031 276547 277140 280357 283648 288618 291974 296198 300359 304384 307290 311037 314312 317548 320766 323763 325292 328620 331141 333516 336246 338955 341408 343893 346626 350247 352805 354580 356633 358683 360915 363484 365107 366974 370229 372299 374257 375572 375449 373758 371866 368574 365987 363161 361117 358495 355427 353013 350432 347538 344952 342749 341169 338728 335768 332952 330082 326564 323339 320616 317957 315462 311839 307859 305546 303040
253883 257144 260812 264201 267770 270799 273833 277013 279351 280995 285119 288904 292953 296923 300931 304950 307503 310915 314278 317569 320895 323058 325780 328611 331139 333714 336304 338940 341503 344017 346568 349197 352178 353356 356173 358331 360521 362751 365512 367933 370006 372227 374441 376166 376259 374875 372235 369709 366904 363935 362246 359260 356529 354098 351768 348652 345807 344504 342064 339558 335831 332335 329671 326713 324464 321989 319525 317341 314145 311676 307588 304471
254183 257412 260737 264144 267455 270828 273369 276284 280114 282485 285802 289933 293697 297680 301485 305559 308134 311492 314797 318164 320416 323737 326412 328956 331392 334043 336648 339158 341985 344365 347102 349484 351254 353053 355874 357944 360218 362458 365348 368030 369727 371852 374026 376218 376764 375707 373184 370733 367838 364968 363503 360600 357885 355227 352049 349227 347384 344225 341981 338908 335390 332597 329937 327270 325176 323239 320893 319187 317067 314195 310867 307259
254425 257666 260790 264236 267580 271288 272641 275186 278821 283383 287469 291453 294543 298448 302327 305796 308154 311862 314949 317789 321082 323524 326679 329759 332153 334513 336970 339769 342253 344730 347347 349253 351384 352908 355439 357721 360485 362103 364840 367330 369351 371352 373220 375134 376765 376167 374200 371570 368815 365934 364309 361725 358726 355932 353367 350853 347753 344204 341824 338576 335686 333166 330863 328397 326307 324080 322776 321784 319865 317079 313749 310378
255439 258826 262245 265073 268242 270822 272275 275389 279348 285446 288703 292673 295501 299325 302953 306147 308235 310787 314055 316922 320476 323274 326255 329091 332003 334345 336851 339082 341437 343578 346798 348985 351343 352977 355155 357764 360356 362020 364263 366877 369681 371135 373089 375220 376756 377432 374900 372221 369603 366746 365013 362258 359071 356835 353983 351174 347857 345060 342347 339594 336600 333926 331396 329677 327544 326072 324452 323633 321576 319100 315757 312223
257048 260334 263006 265781 267542 270297 272396 275740 280085 284620 289791 292675 295931 299375 302352 305744 307178 310447 313208 316015 319963 322920 326129 328986 331187 333851 336503 338438 339856 343148 346316 348714 351179 352931 355168 357951 360494 362602 364872 367749 369648 371859 373548 375678 377357 377605 375564 372634 370187 367303 365542 362813 360576 357167 354262 351656 348386 345922 343349 340647 338306 335945 334127 332290 330613 327877 326425 325099 323059 320974 317567 313941
258670 261060 263571 265222 267947 270943 273434 276872 281296 284820 288388 292772 295736 298829 301896 304024 306643 309930 312746 315816 319566 322476 325416 328358 330541 333147 335840 337369 339858 342817 345813 348801 351223 352912 355408 357852 360070 362380 365497 367533 370521 372878 374138 375990 377649 377904 376132 373325 370437 367998 366088 364191 361047 357527 354537 352144 349311 346730 344628 341622 340174 338742 337032 335901 332891 330283 328363 326604 324485 322213 318677 314702
260755 262789 263420 265657 268247 271795 275450 278901 282281 285408 288552 291890 295149 298282 300642 303599 306171 309445 312393 315696 319062 322085 324841 327719 330334 332771 334454 337277 339678 342549 345376 347991 350935 352987 355882 358516 360463 362584 364921 367913 370641 373342 375077 376584 378238 378871 376242 373892 371057 368435 367437 364739 361666 357813 355057 352785 350284 348095 346050 343871 342179 339753 339255 337203 334733 332235 329775 328086 325584 322627 319103 315200
264066 264591 264918 265884 269469 273037 276527 279797 282784 285768 288489 290986 293718 296301 299924 303257 305668 308971 312205 315585 318998 321598 324207 327351 330330 332127 334679 337500 339692 342352 345078 347801 350563 352509 355532 358916 360983 362394 365227 368076 370747 373069 375423 377703 379876 380570 377307 374459 372098 369612 367376 364636 362301 358750 355979 354063 352143 350144 348103 345811 344790 342538 340566 338963 336371 332988 330404 328672 325749 322587 319143 313378
266200 267520 268071 270236 272448 274262 276007 278899 282039 285110 287862 289649 292184 295479 299185 302784 305174 308562 312115 315561 318916 321834 324000 326262 329255 331884 334358 337267 339680 342053 345450 348320 351062 353095 355930 358416 360880 363016 365488 368245 370724 373246 376030 379608 381976 380857 377561 375184 372756 369897 367584 365724 363297 359960 357688 355963 354258 352506 350195 348427 346311 344342 341976 339708 336998 333896 330955 328797 325662 322452 319054 315439
268797 269925 271850 272755 273760 274869 275992 278060 281094 284204 286098 288729 291103 294754 298427 301875 304850 308149 311659 315201 318676 321602 323250 326119 328718 331625 334522 337440 339887 343009 346250 349262 352226 354209 356152 358681 360564 363387 366548 369018 371502 373926 376775 379909 382646 381570 379289 376254 373488 370570 368677 366420 363911 361115 359344 357794 356042 354164 352779 350386 347861 345472 343028 340258 337512 334511 331096 328760 325590 322378 320135 317224
272141 273009 273876 275780 276684 277387 277715 278111 280212 282407 285153 287734 290389 292650 297115 302376 305490 307749 311416 315081 318720 320851 324093 327290 329669 332281 335381 338011 340541 343611 346677 349858 352803 354377 356741 359103 361022 363779 366810 369845 372481 375076 377368 379731 382816 382850 379491 376958 374182 371417 369653 366890 364459 362825 361024 359291 357044 356101 354645 351627 348679 346056 343662 340900 338075 334991 331562 329303 325928 323857 320975 318248
275546 276033 276977 277797 278389 278714 279008 279475 279901 281408 284224 286961 289612 293294 298205 303200 306123 308618 312237 315929 318380 322070 325654 327939 330316 332783 335847 338487 340836 343996 347123 350299 352431 354991 357271 359600 361660 364665 367613 370340 373182 375773 377824 379615 381642 383513 380350 376774 374466 371928 370216 367490 365549 364072 362287 360108 358469 356991 355391 352696 349711 346543 343915 341148 338508 335787 332717 330693 328150 324654 321822 319065
278231 278863 278854 278988 279726 280043 280381 280846 281468 282555 284449 287078 290436 294408 299647 304615 307186 309792 312424 315433 319061 322816 325995 328416 330922 333215 335867 338893 341412 344492 346779 349877 352955 355421 357871 360098 362455 365492 368473 370888 373531 376572 378562 379833 382508 383763 381579 377778 375376 372895 371272 368560 367057 365362 364266 361819 359609 358000 356057 353437 350833 347184 344102 341447 339167 336680 334750 332457 329481 325870 322999 320044
280961 281312 281212 281163 281113 281819 281810 282733 283526 284635 285772 287980 291821 295909 300650 304992 307403 310200 312671 316160 319737 323229 326272 328951 331333 334399 336919 339565 342200 344487 347147 350303 353400 355988 358375 361029 363645 366296 369065 371656 373957 376055 378941 380661 383211 383873 381844 378952 376061 373814 372396 369971 368469 366964 365001 362673 360617 359105 356532 354085 351650 347332 344567 342005 339557 337882 335554 333427 330731 327184 324063 322244
283774 284132 283703 283612 283582 283534 284464 285092 285635 286636 288209 289986 293480 297393 301566 305197 307358 310276 313590 317022 320403 323092 326024 329503 332089 335409 337851 340369 342131 345024 347863 350844 353785 356503 358839 361489 364367 366998 369726 372663 374219 376539 379371 381297 383030 384255 382807 379884 376856 374635 373359 371584 370208 367596 365616 363850 362344 360182 357638 355011 352299 348893 345422 342678 340940 338517 336375 334380 332178 329024 325818 323759
286749 287119 286491 286294 286072 285992 286449 287645 287907 288975 290820 292647 295961 299274 301597 304106 307633 310494 313950 317321 321115 323840 326414 329696 332705 335677 338300 340424 342954 345810 348531 351425 354439 356980 359280 361899 364583 367385 370157 372068 374489 377096 379649 381723 384149 384934 383232 380683 377673 375606 374358 373054 370956 368287 366561 364836 363157 361416 359328 356711 353704 350452 346466 344246 341608 339177 337018 335557 333624 331106 328012 325514
289663 290029 289689 288995 288704 289055 289019 289102 289715 290545 292555 295273 297217 300001 301919 304169 307513 310667 314142 317966 321714 324550 327355 330297 333240 336868 338369 340662 343665 346320 348982 351747 354297 356809 359035 361712 364425 367228 369192 372439 374747 376896 379813 382241 384602 385377 383885 381412 378488 376458 375261 373493 371377 369357 367571 365882 364097 362385 360677 358349 354776 351722 349695 345970 342395 339830 337770 336289 334479 332341 330085 327248
292573 293030 292696 291623 291950 292375 292336 291768 291233 292289 295180 298217 299720 300841 303051 305354 307853 310878 314520 318159 320894 324683 327802 330764 333233 335833 338505 340842 343411 346069 348853 351550 354117 356377 358664 361288 363251 365781 368219 371492 374097 376401 379436 382277 384776 385795 384464 382026 379744 378328 376728 374556 372586 370605 368888 367052 365178 363474 361929 359700 356831 354006 351099 347670 343972 341119 339081 337459 336039 334103 331775 329580
294550 294226 294751 294576 295049 295746 295679 295107 294154 294160 298125 300338 302212 303722 305093 306931 309377 311244 314568 317683 321053 324313 327331 329383 332538 335470 337906 340585 343153 345660 348413 351137 353460 355441 357913 360141 362187 364697 367499 370503 373279 376054 379236 382087 384773 386150 385022 383990 381530 379707 378083 376250 374147 372145 370345 368631 366851 364529 362624 361436 358787 355810 352920 349332 345698 343236 341030 339362 337558 335965 333410 331750
297713 296683 297112 297747 298208 298981 298716 297802 296711 296912 299297 303251 304873 305982 307003 309179 310860 312269 314200 317344 320324 323611 325713 328745 331477 334413 337177 339881 342432 344907 347364 350146 352172 354286 355617 358376 361142 363724 366568 369837 372487 375747 379044 381961 384955 386773 386376 384717 382766 380675 379617 377746 375639 373572 371850 370098 368511 365669 364046 361777 359428 356423 354482 351222 347307 344910 342985 341296 339463 337100 335853 333734
300679 301582 301463 301561 301075 301283 301911 300444 300836 301806 302737 306038 306952 307948 309005 310807 312398 313752 315505 317211 320173 322249 325004 327884 330405 333220 335920 338639 341439 344169 346657 349184 351134 352526 354281 357013 360527 363401 366135 369093 372194 375649 378876 381737 384559 385819 387172 387029 384256 382144 380548 379184 377068 374954 373706 371814 369472 367602 364937 362558 360063 357680 355732 353243 349863 346596 344506 342961 341123 339526 337412 336465
304655 304238 305302 305501 304535 304419 304734 304407 304871 306337 307337 308131 309606 310534 311798 313353 314833 316154 317732 319224 320316 322196 325061 327424 329875 332304 334724 337443 340135 343003 345796 348148 349626 352041 353831 356668 360514 363337 366185 369087 372411 375493 378896 381657 383318 385961 388324 388645 386603 383978 382086 380256 378358 376666 374968 373258 371315 368725 366079 363590 360864 358669 356943 355025 352706 350127 347639 345666 343873 341896 340108 338225
308396 308030 307941 308890 308017 307510 307727 308061 308514 309952 311049 311563 312123 313937 314918 316410 317932 319174 320606 321615 322374 324474 326761 328105 330102 331941 334168 336254 338913 341741 344007 346446 349358 351817 353626 356846 360721 363519 366398 369452 372654 375348 377854 380371 383225 385947 388467 390325 388569 385731 383632 381590 379272 377498 376261 374417 371791 368998 367045 365030 362775 360369 358411 356696 354976 352755 350779 348105 345647 343187 342653 340925
311988 311722 311521 311181 311657 311680 311677 311679 311998 313391 314632 315015 315399 316206 317891 319471 320882 321617 322939 323666 324530 326626 328389 328832 330424 332208 333992 335952 337704 339559 342446 345313 349094 351586 353360 355996 360276 362478 366179 369669 372472 374529 377442 380107 382853 385611 388676 390789 390492 387410 385302 382798 380294 379219 377132 374944 372338 369991 368313 366819 364776 362506 360536 359153 357311 355836 352926 349717 347245 344035 343461 343109
316036 315314 315145 314780 315333 315743 315734 315738 315883 317178 318214 318531 318315 318254 320761 322346 323380 324278 324968 325627 326640 328728 329454 329864 330790 332603 334318 336194 337263 338648 340434 344582 348770 351525 353578 356385 359922 363218 366353 369387 371557 374354 376992 379822 382603 385406 387879 390803 391112 388870 386892 383909 382012 379994 377903 375385 373795 371891 369757 368391 366958 364722 362738 360435 359353 356735 353797 350939 348800 345446 344162 344103
319541 318982 318660 318471 318333 319839 319834 319844 320440 321064 321439 321756 321449 322076 323013 325277 325946 326289 326981 327638 328785 330064 330459 330916 331040 332974 334748 335948 337303 338078 341178 345031 348635 351635 353614 356455 359489 363417 366197 368002 371591 374307 376967 379930 382382 385000 387539 390543 391941 389708 387576 386056 383511 381527 379317 377122 375144 373556 371926 370383 368704 366509 363972 362160 359829 357487 354543 351695 349529 347144 346391 346914
