examples/Input/TIcelindxGrid_ncc.txt
ncols         834
nrows         571
xllcorner     422808.523714380
yllcorner     4832948.62611340
cellsize      3
NODATA_value  -9999
[rows 224 to 255 of 571, columns 288 to 359 of 834]
298441 300036 301670 303532 305514 308391 311583 314112 316935 319513 322158 324913 327594 329594 332039 335225 337679 340649 343049 343877 343483 340988 338173 335690 333089 330412 327437 324006 321496 318446 314984 311632 308560 304984 302403 299966 296700 294384 290987 287961 285686 283175 279858 276405 272745 269274 265700 261701 257743 253164 247953 243513 240506 236477 233758 228644 225557 221636 219370 217346 216473 216632 216556 217594 220342 224183 228639 233281 238288 242878 247255 250322
300560 301538 303289 304567 307081 310261 313155 315619 318563 321170 323728 326214 328998 331319 333727 335944 338953 341238 344240 344818 344233 342001 338771 335970 333645 330782 328335 326226 321996 318789 315692 312731 309817 305219 303086 301191 298013 295904 292394 289823 286733 283837 280609 276744 272653 269291 265479 262113 257635 252319 247168 243970 239756 236474 234292 230335 226321 223041 220760 220105 219175 218182 218532 218394 221036 223770 227832 233213 238867 244113 247549 250302
302440 303600 304408 306304 309016 312071 314685 317433 320101 322720 325264 327742 330107 332905 334628 337261 339690 342404 345347 345236 344191 342339 339058 336517 333990 331179 328489 326213 322252 319441 316783 313983 311509 308505 303302 302254 299498 297406 294965 290985 287628 284614 281027 277240 272856 269084 265829 262630 257480 252185 248125 243106 240041 237175 234958 232140 228360 224061 223317 222840 221853 220978 220145 220686 223051 226014 229828 235504 240996 245512 247855 250369
304846 305290 306338 307618 310944 313663 316150 318816 321676 324299 326811 329006 331588 333299 336555 338978 341162 344047 346519 345636 344523 342387 339383 336794 334600 332711 328705 326036 323168 320211 317340 314329 311560 308879 305825 301795 299603 298232 295964 292290 288616 284275 281321 277616 273793 269341 266652 262592 257353 253522 248032 244738 241303 237808 235753 232651 228539 226074 226022 225663 224752 223990 223074 223834 226738 229674 232195 237790 242977 245840 248192 250630
307005 307473 308590 309959 312018 315152 317375 320120 323108 325658 328294 329854 332192 334962 337733 340462 342923 345798 348038 346755 345430 342930 339850 337646 334921 332300 328966 326420 323839 320952 318069 314976 311907 309061 305779 302117 299629 298050 295865 292407 289332 284342 281315 278390 273965 269938 267111 263679 258751 253453 249537 246591 243242 239237 236732 233776 231421 229421 228776 228781 227999 226947 227039 228457 229759 233107 234550 240004 243755 246173 248529 250361
309448 309766 310753 311704 313623 316289 319269 321690 324419 327342 329193 330896 333324 336444 339564 341959 345066 348752 350158 348018 346177 343427 341266 338132 335473 332886 330014 327366 324364 321648 318810 315777 312737 309698 307202 302963 300503 299092 296308 292947 289747 285721 283033 279222 275244 271050 269633 265160 260512 255987 251604 248296 243544 240551 238276 235567 233389 232047 231577 231610 231176 230511 231238 232742 234156 235492 236988 241632 244123 246544 248165 250128
312306 312580 312817 313084 315226 317851 320334 323247 326392 328420 330449 332704 335167 338490 341317 343841 346421 349849 350887 348721 346667 344781 341924 338551 336066 333595 331146 328744 326023 323402 320482 317248 314253 312204 308384 304416 302219 300156 297092 293782 290497 287536 284581 280691 276727 274174 270615 267326 263115 257915 252970 249049 244960 242076 240025 237379 235856 235557 234452 234306 234801 233935 235225 236859 237455 237177 239472 241968 244511 246104 248584 250418
315398 315289 315703 316272 317113 319250 321781 324896 327233 330145 331540 334079 336867 339677 342363 345088 347572 350832 351984 349851 348634 345545 342464 339131 336733 334282 331810 329478 327346 324991 322097 319015 316790 313519 309889 305997 302809 300916 297907 294714 291625 288614 285318 281280 278590 274927 271358 268456 265223 261068 255760 250471 246356 243369 242368 240803 239725 239291 237896 237664 238113 238766 239664 240614 239794 239576 240865 243168 244114 246498 248891 250740
318641 318557 318734 319296 320111 320979 322989 325137 328776 331073 332768 335504 338095 340733 343460 346276 349025 351487 352013 351165 349118 346149 343175 340210 337589 335012 332535 329964 328058 325461 322862 320528 317786 314366 310147 306046 303758 301780 298727 295527 292495 289398 286505 283019 279484 275925 272490 269464 266084 261716 256961 251095 247310 245939 245073 244335 243203 241883 241436 241097 241447 242413 243459 244345 243825 243759 244127 244655 246593 247421 249191 251007
321571 321567 321751 322169 322319 323001 324493 326734 329449 332049 333970 336614 339123 341841 344655 347016 349437 350877 352518 351710 349769 347335 344278 341449 338744 336136 333390 330700 328521 326705 323818 320754 317687 313496 309942 306308 304122 302798 299368 296281 293156 290555 287657 283921 280136 276816 274210 270474 266734 263281 257585 253680 249911 248682 247874 246761 245626 244569 243613 244451 244672 245309 247027 247868 247845 247748 248098 248310 248432 249359 250651 252156
324374 324426 324177 324185 324321 325033 326573 328444 330440 332924 335319 337593 340096 342795 345449 348199 350123 351926 353986 352682 350774 348670 345911 342915 340097 337334 334525 331501 329933 327241 324504 321506 318165 313699 308681 306672 306134 304097 300351 297066 295113 291645 288341 285278 282205 278855 275819 271811 268228 264454 260559 255868 253484 251720 250497 249248 248453 247568 247019 246879 247809 248348 249575 250259 250279 250030 250013 249916 249661 250215 252814 254269
326173 326390 326136 326394 326704 327283 328410 329773 332197 334503 336618 339098 341403 343528 346341 348085 350669 352852 354692 354204 352540 349273 347078 344300 341523 338118 335126 333192 330689 327856 324871 322338 319211 315810 311368 308575 307072 304666 301350 299538 296810 294133 290085 286629 283810 280441 276797 273453 270052 266113 262182 260123 256025 253876 253123 252280 251479 250697 250275 249885 250287 251102 251807 251721 251599 251533 252798 252639 252538 253156 255214 256563
329220 328552 329254 329033 329117 329587 330220 331503 333224 335721 337650 339917 342155 344057 345841 348404 351127 353412 355304 354637 353009 350362 348118 344876 340986 338160 336353 333414 330929 328220 325711 322961 320019 316614 313275 310766 307924 305629 303422 300760 298131 295502 291936 287971 284730 281179 277615 273626 270344 267797 265253 261831 258523 256904 256455 255772 255079 255095 254067 253158 253443 254022 254049 254064 253887 254855 256347 256334 256114 257547 258448 259575
331995 331973 332126 331725 331531 331703 332068 332959 334722 337190 339488 341200 342918 344258 346642 349160 351764 354144 356185 355595 353866 351399 348901 345056 341644 339790 337125 334126 331476 328562 326156 323722 320846 317675 314406 311347 308688 307090 304683 302048 299457 296557 292747 289168 285820 282285 278654 275017 271972 269261 266381 263031 262710 260781 260151 259500 259084 259781 258777 257592 256284 255689 256414 256874 257756 258614 259778 259881 261045 262210 262336 262531
334329 334194 333870 334461 334378 333947 333825 334465 336107 338350 340447 341854 343170 345284 347601 349506 352228 354726 357108 356411 354718 352453 349279 346507 343559 340973 338421 335166 332307 329462 326665 324333 321454 318612 315137 312856 310410 308589 306466 303790 301029 297088 293218 290540 286946 283288 279696 276612 273525 269864 267546 266762 265606 264651 263848 263094 263395 264261 263168 262174 260930 259665 258752 260722 261513 262376 263178 263871 264241 264674 264900 265341
337182 337008 336364 336432 336979 336251 335534 336538 337388 339577 341002 342751 344183 346081 348393 350546 353010 355483 357902 357051 355518 353069 351065 347716 345142 342369 339280 336141 333348 330395 327542 325112 322131 319114 317424 314476 311950 310292 308417 305609 301722 297516 293987 291290 288096 284507 281927 278189 274553 271393 269672 268840 267841 267096 267433 266622 267694 268551 267688 266485 265220 263971 263169 263932 266472 267257 267356 267174 267547 267998 268060 267999
339995 340089 339233 339054 338901 338922 338485 339038 339903 340409 342192 343842 345419 346503 348884 351648 354155 356672 358743 357814 356150 354309 351620 348999 345973 343350 339933 337209 334438 331437 328808 326030 323432 321364 318392 316030 313492 311762 309281 306242 302220 298060 295482 292954 289034 286996 282690 278380 275698 273874 271994 271162 270367 268359 268443 269163 270065 270658 271245 270702 269478 268424 268910 269588 270253 271613 271304 271115 270948 271142 271312 271723
342510 342567 342428 342180 341740 341028 341789 341709 341902 342489 343422 345272 346627 347977 350087 352193 355023 357772 359449 358388 357253 354959 352215 349408 346261 343476 340561 338122 335265 332467 329629 326823 325204 322736 320143 317442 315049 312769 309720 306680 302858 298708 296075 293370 290807 287504 284833 279245 275928 275654 274896 273888 272477 270083 270096 270730 271757 272562 273347 273593 273603 273931 274418 274784 274409 274402 274226 274433 274712 274399 274603 274981
344794 345099 345365 345030 344579 344014 343819 344188 344084 344942 345314 346814 348345 349899 351497 353076 355662 358357 359985 359840 357592 355165 352277 349664 346722 343826 340936 338775 335937 333157 330319 328350 326029 323704 321564 318595 316056 314085 311288 307637 304063 300162 297211 295123 291721 288400 286272 282439 280452 280533 279214 277857 275115 273244 272342 272706 274056 274789 274794 275088 275788 276419 276910 277219 277149 276678 276849 277285 277681 277542 277485 277791
347794 348399 348373 348135 347579 347246 346436 346451 347087 347322 347471 348573 350018 351371 352876 354249 356204 358524 360254 360446 357889 355562 353349 350431 347216 344263 341524 339391 336660 334327 331896 329547 327054 324681 322657 319507 316822 314980 312394 309039 305441 302790 299703 296618 292923 289467 287669 287079 285668 284568 283464 281615 278594 275872 276147 277052 276257 276534 276575 277102 277832 278526 279084 279325 279242 279173 279068 280108 280378 280422 280303 280624
351264 351547 351235 350987 350884 350805 349927 348836 349362 349433 349753 350528 351256 352480 353809 355193 356333 358778 361023 360665 358044 356478 353580 350819 347869 344900 342148 339877 338147 335363 332933 330614 328285 325664 323299 320449 317918 315128 312905 309894 307432 304116 300910 298090 294573 291685 290479 289026 288436 287343 286833 284919 283910 282152 282380 281202 279107 278406 279309 279788 280339 280701 281339 281518 281508 281721 282100 282278 283183 283261 282715 282974
355794 354654 354700 354669 354577 354086 352639 351568 350932 351404 351588 352006 352457 353528 354862 355841 357245 359814 361442 360610 358268 356389 353639 351061 348204 345412 342686 341009 338685 336435 333726 331925 329386 326691 323918 320950 318006 315473 313199 311551 308422 305066 302370 299761 297015 294108 293150 291727 290301 290265 289455 288685 288157 288164 286646 284840 283275 282516 281668 282816 283561 283900 284171 284297 284471 284558 284957 285375 285292 286144 285795 285968
358541 358024 357917 358107 357619 356871 356075 354736 353589 352892 353430 353366 353680 354383 355184 356352 358577 360775 362082 361291 358574 356545 354125 351477 348809 345945 343995 341499 339331 337339 335329 332825 329893 327224 324481 321292 318072 315707 314342 311863 309252 306379 303781 301431 299356 296596 295368 294397 293429 292705 293317 292810 292391 291843 290726 288901 287661 286863 286064 285719 286823 287269 287616 288205 287282 287653 287796 288226 288241 288116 289195 289318
359405 359663 360044 360569 360727 360047 358967 357744 356570 355298 355300 355764 354604 354311 354953 357048 359557 361965 362198 361275 358885 357212 354270 351126 348453 346208 344140 342245 340224 338534 336157 333566 330352 327093 324697 321215 318748 316027 314347 311990 310113 307962 305341 303136 300975 298871 297601 297193 296480 296278 295559 295886 295816 295255 294699 293080 292031 291130 290466 290191 291123 291671 292010 292182 290732 291153 291060 291086 291351 291309 291373 292162
357760 359640 360282 361018 361555 361917 361597 360728 359885 358686 358059 357838 356840 355434 356133 359257 360821 363088 362674 361709 359661 357213 354680 351908 349249 346233 344459 342652 340954 339297 336854 333128 328768 327012 325232 322741 319398 316403 315108 313268 311354 309546 307152 305036 302951 301138 300122 300023 299617 298634 297935 298394 298983 298675 298129 297322 296385 295448 295063 294954 295195 296122 296669 296317 295437 296016 295765 295329 294932 294654 294118 294995
354711 356801 358195 359037 360767 361871 362662 362696 362073 361238 360645 359534 358586 358599 359935 360823 362810 364302 363357 362078 360275 358010 356551 353453 349885 346512 344466 343501 341838 340063 338171 334138 329970 327267 326195 324293 320968 317935 316462 314582 312656 310717 309045 306911 305479 304068 303178 302908 302555 300691 300454 300648 302379 301430 301250 301079 300755 299905 299668 299309 299295 299209 300288 299896 299781 299955 299270 299412 298843 298269 297859 297460
352000 354208 356366 356892 358590 360224 361954 363398 363677 363870 363360 362255 361462 362733 362750 363871 364956 364806 364067 362755 360840 359500 357006 353880 350472 347310 345582 344460 342705 340800 338637 335957 332775 330979 328599 325583 322624 319652 317836 315873 313931 312043 310209 310414 309203 308299 306959 306440 306404 305319 305146 305484 304915 304961 304826 304653 304383 304171 303535 303260 303314 303143 302961 303985 303748 303389 302447 302799 302880 302558 302027 301160
349241 351640 353817 355243 356049 358019 360011 362619 364385 366122 366404 365924 364408 364429 365852 366696 366534 366130 364738 363558 361678 359962 357538 354413 351462 348984 346836 345288 343437 341724 339584 337318 335477 332719 330362 327473 324544 322263 320015 317843 315581 313837 312583 312286 312767 311748 310720 310182 310184 310019 309616 309336 308856 308060 308887 308331 308095 307664 307464 307488 307325 307127 306956 306710 307420 306882 306232 306388 306640 306408 306056 304962
346932 349415 351386 353275 354925 356629 358217 360650 363317 365562 366972 368369 367401 366873 367618 367851 367676 367438 365571 364305 362058 360411 357696 355346 352524 350696 348468 346600 344862 343190 341233 339340 336796 333972 331490 329343 326467 324167 322601 320358 318100 315831 314996 314777 314488 314839 313846 313541 313389 313140 313059 312663 312149 312404 312024 312806 312156 311504 311388 311613 311556 311487 311441 310808 309807 310489 310433 310497 310562 310039 309425 308537
344909 346924 349333 351759 353795 355414 356754 359317 361839 364355 366674 368946 369614 369009 368775 368557 368506 368384 367346 364948 362894 361062 358583 356161 353933 351680 349875 348207 346356 345148 343142 340663 337903 335485 332861 330643 328343 325910 324569 322462 320214 318411 317590 317118 316877 316656 317412 316724 316429 316304 316011 315668 315617 315669 315766 315679 316227 315463 316025 316179 315865 315909 315215 313887 313251 313276 314421 314426 314180 313399 312598 312077
342502 344406 347264 350326 351526 353848 355504 357876 360427 363736 366201 368897 370361 369609 369337 369196 369144 369112 368598 365868 363873 362017 359918 357561 355132 352941 351047 349671 348296 345955 344243 342463 339510 336992 334216 331848 329684 327700 326376 324314 322781 321286 320577 319919 319752 319797 319858 319942 319702 319600 319470 319427 319452 319447 319270 319117 319569 319487 320493 320914 320346 319607 318339 317172 316768 316319 317805 318082 317566 316795 316854 316543
339951 342762 345575 347797 349690 352134 354794 356960 359315 363098 365936 368786 371019 371277 370581 370293 369850 369728 368102 366182 364779 363045 361227 358767 356405 354087 351810 351004 349519 347623 345597 343497 340968 337941 335478 333096 330878 329451 328133 326810 325067 324239 323550 323164 323163 322978 322516 323264 323116 322926 322701 322937 322905 322592 322433 322379 322310 323625 323754 324164 323405 322398 321396 320783 320106 319631 319671 320806 320992 320292 320563 320055
