test/input/AN_ElevSynth.asc
ncols         101
nrows         101
xllcorner     0.0
yllcorner     0.0
cellsize      1
NODATA_value  -9999.
[rows 0 to 19 of 101, columns 44 to 87 of 101]
60.772876805349775 59.295187847606506 57.7870101673542 56.254295852875934 54.70309382734043 53.139525976465656 51.56976298823282 49.999999999999986 48.43643214912521 46.8852301235897 45.35251580911145 43.844338128859135 42.36664917111587 40.92528069910601 39.525921135689934 38.174093113757905 36.875131680921 35.63416324451558 34.45608534001561 33.34554730269753 32.30693191883808 31.34433812885914 30.46156485068244 29.66209598713623 28.949086676582326 28.325350841026534 27.793350080853983 27.35518396001704 27.012581720015604 26.766895455370875 26.619094777526033 26.56976298823282 26.619094777526033 26.766895455370875 27.012581720015604 27.355183960017044 27.79335008085398 28.32535084102653 28.949086676582322 29.662095987136237 30.461564850682446 31.344338128859132 32.30693191883808 33.34554730269752
59.20311381711695 57.72542485937368 56.21724717912137 54.68453286464311 53.13333083910761 51.56976298823283 49.99999999999999 48.43023701176716 46.866669160892386 45.315467135356876 43.78275282087863 42.27457514062631 40.79688618288304 39.35551771087319 37.95615814745711 36.60433012552508 35.30536869268818 34.06440025628275 32.88632235178279 31.775784314464705 30.737168930605257 29.77457514062631 28.89180186244961 28.0923329989034 27.379323688349498 26.755587852793706 26.223587092621155 25.785420971784212 25.442818731782776 25.197132467138047 25.049331789293205 24.999999999999993 25.049331789293205 25.197132467138047 25.442818731782776 25.785420971784216 26.223587092621152 26.755587852793703 27.379323688349494 28.09233299890341 28.89180186244962 29.774575140626304 30.737168930605254 31.77578431446469
57.633350828884126 56.15566187114086 54.64748419088855 53.114769876410286 51.56356785087478 50.00000000000001 48.43023701176717 46.86047402353434 45.29690617265956 43.74570414712405 42.2129898326458 40.70481215239349 39.22712319465022 37.78575472264036 36.386395159224286 35.03456713729226 33.73560570445535 32.49463726804993 31.316559363549963 30.20602132623188 29.167405942372433 28.204812152393487 27.322038874216787 26.522570010670577 25.809560700116673 25.18582486456088 24.65382410438833 24.215657983551388 23.87305574354995 23.627369478905223 23.47956880106038 23.43023701176717 23.47956880106038 23.627369478905223 23.87305574354995 24.21565798355139 24.653824104388327 25.185824864560878 25.80956070011667 26.522570010670584 27.322038874216794 28.20481215239348 29.16740594237243 30.206021326231866
56.06978297800934 54.592094020266074 53.083916340013765 51.5512020255355 50.0 48.436432149125224 46.866669160892386 45.296906172659554 43.73333832178478 42.18213629624927 40.64942198177102 39.141244301518704 37.663555343775435 36.22218687176558 34.8228273083495 33.470999286417474 32.17203785358057 30.931069417175145 29.75299151267518 28.642453475357094 27.60383809149765 26.641244301518704 25.758471023342004 24.959002159795794 24.245992849241887 23.622257013686095 23.090256253513544 22.652090132676605 22.309487892675165 22.06380162803044 21.916000950185598 21.866669160892386 21.916000950185598 22.06380162803044 22.309487892675165 22.652090132676605 23.090256253513544 23.622257013686095 24.245992849241887 24.9590021597958 25.75847102334201 26.641244301518697 27.603838091497643 28.64245347535708
54.51858095247384 53.04089199473057 51.53271431447826 50.0 48.4487979744645 46.88523012358972 45.31546713535688 43.74570414712405 42.182136296249276 40.630934270713766 39.09821995623552 37.5900422759832 36.11235331823993 34.67098484623008 33.271625282814 31.91979726088197 30.620835828045067 29.379867391639642 28.201789487139678 27.091251449821595 26.052636065962147 25.0900422759832 24.2072689978065 23.40780013426029 22.694790823706388 22.071054988150596 21.539054227978045 21.100888107141103 20.758285867139666 20.512599602494937 20.364798924650096 20.315467135356883 20.364798924650096 20.512599602494937 20.758285867139666 21.100888107141106 21.539054227978042 22.071054988150593 22.694790823706384 23.4078001342603 24.20726899780651 25.090042275983194 26.052636065962144 27.09125144982158
52.98586663799557 51.5081776802523 49.99999999999999 48.46728568552173 46.91608365998623 45.35251580911145 43.78275282087861 42.21298983264578 40.649421981771006 39.098219956235496 37.56550564175725 36.05732796150493 34.57963900376166 33.13827053175181 31.738910968335734 30.387082946403705 29.0881215135668 27.847153077161376 26.66907517266141 25.55853713534333 24.51992175148388 23.557327961504935 22.674554683328235 21.875085819782026 21.162076509228122 20.53834067367233 20.00633991349978 19.568173792662837 19.2255715526614 18.97988528801667 18.83208461017183 18.782752820878617 18.83208461017183 18.97988528801667 19.2255715526614 19.56817379266284 20.006339913499776 20.538340673672327 21.16207650922812 21.875085819782033 22.674554683328243 23.557327961504928 24.519921751483878 25.558537135343315
51.47768895774327 50.0 48.49182231974769 46.95910800526943 45.407905979733926 43.84433812885915 42.27457514062631 40.70481215239348 39.141244301518704 37.590042275983194 36.057327961504946 34.54915028125263 33.07146132350936 31.630092851499505 30.230733288083428 28.8789052661514 27.579943833314495 26.33897539690907 25.160897492409106 24.05035945509102 23.011744071231576 22.04915028125263 21.16637700307593 20.36690813952972 19.653898828975812 19.03016299342002 18.49816223324747 18.05999611241053 17.71739387240909 17.471707607764365 17.323906929919524 17.27457514062631 17.323906929919524 17.471707607764365 17.71739387240909 18.05999611241053 18.49816223324747 19.03016299342002 19.653898828975812 20.366908139529727 21.166377003075937 22.049150281252622 23.01174407123157 24.050359455091005
50.000000000000014 48.522311042256746 47.01413336200443 45.481419047526174 43.93021702199067 42.366649171115895 40.79688618288306 39.22712319465022 37.66355534377544 36.11235331823994 34.579639003761685 33.07146132350937 31.593772365766103 30.152403893756247 28.75304433034017 27.40121630840814 26.102254875571237 24.861286439165813 23.683208534665848 22.572670497347765 21.534055113488318 20.57146132350937 19.688688045332672 18.889219181786462 18.176209871232558 17.552474035676767 17.020473275504216 16.582307154667273 16.239704914665836 15.994018650021108 15.846217972176266 15.796886182883053 15.846217972176266 15.994018650021108 16.239704914665836 16.582307154667276 17.020473275504212 17.552474035676763 18.176209871232555 18.88921918178647 19.68868804533268 20.571461323509364 21.534055113488314 22.57267049734775
48.55863152799013 47.08094257024686 45.57276488999455 44.04005057551629 42.48884854998079 40.92528069910601 39.35551771087317 37.78575472264034 36.222186871765565 34.670984846230056 33.13827053175181 31.63009285149949 30.152403893756222 28.711035421746367 27.31167585833029 25.95984783639826 24.660886403561356 23.419917967155932 22.241840062655967 21.131302025337888 20.092686641478437 19.13009285149949 18.24731957332279 17.44785070977658 16.73484139922268 16.11110556366689 15.579104803494337 15.140938682657394 14.798336442655957 14.552650178011229 14.404849500166387 14.355517710873174 14.404849500166387 14.552650178011229 14.798336442655957 15.140938682657398 15.579104803494333 16.111105563666882 16.734841399222674 17.44785070977659 18.247319573322798 19.130092851499484 20.092686641478437 21.131302025337874
47.15927196457405 45.681583006830785 44.173405326578475 42.64069101210021 41.08948898656471 39.525921135689934 37.956158147457096 36.386395159224264 34.82282730834949 33.27162528281398 31.73891096833573 30.230733288083414 28.753044330340146 27.31167585833029 25.912316294914213 24.560488272982184 23.26152684014528 22.020558403739855 20.84248049923989 19.73194246192181 18.69332707806236 17.730733288083414 16.847960009906714 16.048491146360504 15.335481835806602 14.71174600025081 14.17974524007826 13.741579119241317 13.39897687923988 13.153290614595152 13.00548993675031 12.956158147457097 13.00548993675031 13.153290614595152 13.39897687923988 13.74157911924132 14.179745240078256 14.711746000250807 15.335481835806599 16.04849114636051 16.84796000990672 17.730733288083407 18.69332707806236 19.731942461921797
45.80744394264203 44.32975498489876 42.82157730464645 41.28886299016819 39.73766096463269 38.17409311375791 36.604330125525074 35.03456713729224 33.47099928641747 31.919797260881957 30.38708294640371 28.878905266151392 27.401216308408124 25.959847836398268 24.56048827298219 23.208660251050162 21.909698818213258 20.668730381807833 19.49065247730787 18.380114439989782 17.34149905613034 16.378905266151392 15.49613198797469 14.69666312442848 13.983653813874577 13.359917978318785 12.827917218146235 12.389751097309292 12.047148857307855 11.801462592663126 11.653661914818285 11.604330125525072 11.653661914818285 11.801462592663126 12.047148857307855 12.389751097309295 12.827917218146231 13.359917978318782 13.983653813874573 14.696663124428488 15.496131987974698 16.378905266151385 17.34149905613033 18.380114439989768
44.50848250980512 43.03079355206185 41.52261587180955 39.98990155733128 38.43869953179578 36.875131680921 35.30536869268816 33.73560570445534 32.17203785358056 30.62083582804505 29.0881215135668 27.579943833314484 26.102254875571216 24.66088640356136 23.261526840145283 21.909698818213254 20.61073738537635 19.369768948970925 18.19169104447096 17.081153007152878 16.04253762329343 15.079943833314484 14.197170555137784 13.397701691591575 12.68469238103767 12.06095654548188 11.528955785309329 11.090789664472386 10.748187424470949 10.50250115982622 10.354700481981379 10.305368692688166 10.354700481981379 10.50250115982622 10.748187424470949 11.09078966447239 11.528955785309325 12.060956545481876 12.684692381037667 13.397701691591582 14.197170555137792 15.079943833314477 16.042537623293427 17.081153007152864
43.26751407339972 41.78982511565645 40.28164743540414 38.74893312092588 37.197731095390374 35.6341632445156 34.06440025628276 32.49463726804993 30.931069417175152 29.379867391639642 27.847153077161394 26.338975396909078 24.86128643916581 23.419917967155953 22.020558403739876 20.668730381807848 19.369768948970943 18.12880051256552 16.950722608065554 15.840184570747471 14.801569186888024 13.838975396909078 12.956202118732378 12.156733255186168 11.443723944632264 10.819988109076473 10.287987348903922 9.849821228066979 9.507218988065542 9.261532723420814 9.113732045575972 9.06440025628276 9.113732045575972 9.261532723420814 9.507218988065542 9.849821228066983 10.287987348903918 10.81998810907647 11.44372394463226 12.156733255186175 12.956202118732385 13.83897539690907 14.80156918688802 15.840184570747457
42.08943616889974 40.61174721115647 39.10356953090415 37.5708552164259 36.019653190890395 34.45608534001562 32.88632235178278 31.316559363549946 29.75299151267517 28.20178948713966 26.66907517266141 25.160897492409095 23.683208534665827 22.24184006265597 20.842480499239894 19.490652477307865 18.19169104447096 16.950722608065536 15.772644703565572 14.662106666247489 13.623491282388041 12.660897492409095 11.778124214232395 10.978655350686186 10.265646040132282 9.64191020457649 9.10990944440394 8.671743323566997 8.32914108356556 8.083454818920831 7.9356541410759895 7.886322351782777 7.9356541410759895 8.083454818920831 8.32914108356556 8.671743323567 9.109909444403936 9.641910204576487 10.265646040132278 10.978655350686193 11.778124214232403 12.660897492409088 13.623491282388038 14.662106666247475
40.97889813158166 39.50120917383839 37.993031493586074 36.46031717910782 34.909115153572316 33.34554730269754 31.775784314464698 30.206021326231866 28.64245347535709 27.09125144982158 25.558537135343332 24.050359455091016 22.572670497347747 21.13130202533789 19.731942461921815 18.380114439989786 17.08115300715288 15.840184570747457 14.662106666247492 13.55156862892941 12.512953245069962 11.550359455091016 10.667586176914316 9.868117313368106 9.155108002814202 8.53137216725841 7.99937140708586 7.561205286248917 7.21860304624748 6.972916781602752 6.82511610375791 6.775784314464698 6.82511610375791 6.972916781602752 7.21860304624748 7.561205286248921 7.999371407085857 8.531372167258407 9.155108002814199 9.868117313368113 10.667586176914323 11.550359455091009 12.512953245069959 13.551568628929395
39.94028274772222 38.46259378997895 36.95441610972664 35.42170179524838 33.87049976971288 32.3069319188381 30.73716893060526 29.16740594237243 27.603838091497654 26.052636065962144 24.519921751483896 23.01174407123158 21.53405511348831 20.092686641478455 18.693327078062378 17.34149905613035 16.042537623293445 14.80156918688802 13.623491282388056 12.512953245069973 11.474337861210525 10.511744071231579 9.62897079305488 8.82950192950867 8.116492618954766 7.492756783398974 6.960756023226423 6.52258990238948 6.179987662388044 5.934301397743315 5.7865007198984735 5.737168930605261 5.7865007198984735 5.934301397743315 6.179987662388044 6.522589902389484 6.96075602322642 7.4927567833989706 8.116492618954762 8.829501929508677 9.628970793054886 10.511744071231572 11.474337861210522 12.512953245069959
38.97768895774327 37.5 35.99182231974769 34.45910800526943 32.907905979733926 31.34433812885915 29.77457514062631 28.20481215239348 26.641244301518704 25.090042275983194 23.557327961504946 22.04915028125263 20.57146132350936 19.130092851499505 17.730733288083428 16.3789052661514 15.079943833314495 13.83897539690907 12.660897492409106 11.550359455091023 10.511744071231576 9.54915028125263 8.66637700307593 7.86690813952972 7.153898828975816 6.530162993420024 5.9981622332474736 5.559996112410531 5.217393872409094 4.971707607764365 4.823906929919524 4.774575140626311 4.823906929919524 4.971707607764365 5.217393872409094 5.559996112410534 5.99816223324747 6.530162993420021 7.153898828975812 7.866908139529727 8.666377003075937 9.549150281252622 10.511744071231572 11.550359455091009
38.09491567956658 36.617226721823315 35.109049041571005 33.57633472709274 32.02513270155724 30.461564850682464 28.891801862449626 27.322038874216794 25.758471023342018 24.20726899780651 22.67455468332826 21.166377003075944 19.688688045332675 18.24731957332282 16.847960009906743 15.496131987974714 14.19717055513781 12.956202118732385 11.77812421423242 10.667586176914337 9.62897079305489 8.666377003075944 7.783603724899244 6.984134861353034 6.27112555079913 5.647389715243339 5.115388955070788 4.677222834233845 4.334620594232408 4.08893432958768 3.941133651742838 3.8918018624496256 3.941133651742838 4.08893432958768 4.334620594232408 4.677222834233849 5.1153889550707845 5.647389715243335 6.271125550799127 6.984134861353041 7.783603724899251 8.666377003075937 9.628970793054886 10.667586176914323
37.29544681602037 35.817757858277105 34.309580178024795 32.77686586354653 31.22566383801103 29.662095987136254 28.092332998903416 26.522570010670584 24.95900215979581 23.4078001342603 21.87508581978205 20.366908139529734 18.889219181786466 17.44785070977661 16.048491146360533 14.696663124428504 13.3977016915916 12.156733255186175 10.97865535068621 9.868117313368128 8.82950192950868 7.866908139529734 6.984134861353034 6.184665997806825 5.471656687252921 4.847920851697129 4.315920091524578 3.8777539706876354 3.5351517306861986 3.28946546604147 3.1416647881966284 3.092332998903416 3.1416647881966284 3.28946546604147 3.5351517306861986 3.877753970687639 4.315920091524575 4.8479208516971255 5.471656687252917 6.184665997806832 6.984134861353041 7.866908139529727 8.829501929508677 9.868117313368113
36.58243750546646 35.10474854772319 33.59657086747088 32.06385655299262 30.512654527457116 28.94908667658234 27.3793236883495 25.80956070011667 24.245992849241894 22.694790823706384 21.162076509228136 19.65389882897582 18.17620987123255 16.734841399222695 15.335481835806618 13.98365381387459 12.684692381037685 11.44372394463226 10.265646040132296 9.155108002814213 8.116492618954766 7.153898828975819 6.27112555079912 5.47165668725291 4.758647376699006 4.1349115411432145 3.6029107809706638 3.164744660133721 2.822142420132284 2.5764561554875556 2.428655477642714 2.3793236883495013 2.428655477642714 2.5764561554875556 2.822142420132284 3.1647446601337244 3.60291078097066 4.134911541143211 4.7586473766990025 5.471656687252917 6.271125550799127 7.153898828975812 8.116492618954762 9.155108002814199
