test/input/AN_ElevSynth.asc
ncols         101
nrows         101
xllcorner     0.0
yllcorner     0.0
cellsize      1
NODATA_value  -9999.
[rows 80 to 99 of 101, columns 44 to 87 of 101]
83.41769284533274 81.94000388758947 80.43182620733715 78.8991118928589 77.3479098673234 75.78434201644862 74.21457902821578 72.64481603998294 71.08124818910817 69.53004616357266 67.99733184909441 66.48915416884209 65.01146521109882 63.57009673908897 62.1707371756729 60.81890915374086 59.51994772090396 58.27897928449853 57.100901379998575 55.99036334268049 54.951747958821045 53.98915416884209 53.10638089066539 52.30691202711918 51.59390271656528 50.97016688100949 50.43816612083694 50.0 49.65739775999856 49.41171149535383 49.263910817508986 49.21457902821578 49.263910817508986 49.41171149535383 49.65739775999856 50.0 50.43816612083694 50.97016688100949 51.59390271656528 52.306912027119196 53.106380890665406 53.98915416884209 54.95174795882104 55.990363342680475
82.9795267244958 81.50183776675253 79.99366008650021 78.46094577202196 76.90974374648646 75.34617589561168 73.77641290737884 72.206649919146 70.64308206827123 69.09188004273572 67.55916572825747 66.05098804800515 64.57329909026188 63.13193061825203 61.73257105483596 60.38074303290392 59.08178160006702 57.84081316366159 56.662735259161636 55.55219722184355 54.513581837984106 53.55098804800515 52.66821476982845 51.86874590628224 51.15573659572834 50.53200076017255 50.0 49.56183387916306 49.21923163916162 48.97354537451689 48.82574469667205 48.77641290737884 48.82574469667205 48.97354537451689 49.21923163916162 49.56183387916306 50.0 50.53200076017255 51.15573659572834 51.86874590628226 52.66821476982847 53.55098804800515 54.5135818379841 55.552197221843535
82.44752596432323 80.96983700657998 79.46165932632766 77.92894501184941 76.3777429863139 74.81417513543911 73.24441214720628 71.67464915897345 70.11108130809868 68.55987928256317 67.02716496808492 65.5189872878326 64.04129833008933 62.59992985807948 61.2005702946634 59.84874227273137 58.54978083989447 57.30881240348904 56.13073449898908 55.02019646167099 53.98158107781155 53.0189872878326 52.1362140096559 51.33674514610969 50.62373583555579 50.0 49.46799923982745 49.0298331189905 48.68723087898907 48.44154461434434 48.293743936499496 48.24441214720628 48.293743936499496 48.44154461434434 48.68723087898907 49.02983311899051 49.46799923982744 49.99999999999999 50.623735835555784 51.3367451461097 52.13621400965591 53.018987287832594 53.98158107781154 55.02019646167098
81.82379012876744 80.34610117102417 78.83792349077187 77.3052091762936 75.7540071507581 74.19043929988332 72.62067631165048 71.05091332341766 69.48734547254288 67.93614344700737 66.40342913252913 64.89525145227681 63.41756249453354 61.976194022523686 60.5768344591076 59.22500643717558 57.926045004338675 56.68507656793325 55.50699866343328 54.3964606261152 53.35784524225575 52.39525145227681 51.51247817410011 50.7130093105539 49.99999999999999 49.3762641644442 48.84426340427165 48.406097283434704 48.06349504343327 47.817808778788546 47.670008100943704 47.620676311650485 47.670008100943704 47.817808778788546 48.06349504343327 48.40609728343471 48.84426340427164 49.376264164444194 49.999999999999986 50.7130093105539 51.51247817410011 52.395251452276796 53.35784524225575 54.396460626115186
81.11078081821356 79.63309186047027 78.12491418021797 76.5921998657397 75.0409978402042 73.47742998932944 71.9076670010966 70.33790401286376 68.77433616198898 67.22313413645347 65.69041982197523 64.18224214172291 62.70455318397964 61.263184711969785 59.86382514855371 58.51199712662168 57.213035693784775 55.97206725737935 54.793989352879386 53.6834513155613 52.644835931701856 51.68224214172291 50.79946886354621 50.0 49.2869906894461 48.66325485389031 48.13125409371776 47.69308797288081 47.35048573287938 47.104799468234646 46.956998790389804 46.90766700109659 46.956998790389804 47.104799468234646 47.35048573287938 47.69308797288082 48.13125409371775 48.6632548538903 49.28699068944609 50.00000000000001 50.79946886354622 51.6822421417229 52.64483593170185 53.683451315561285
80.31131195466733 78.83362299692406 77.32544531667176 75.79273100219349 74.24152897665799 72.67796112578321 71.10819813755037 69.53843514931755 67.97486729844277 66.42366527290726 64.89095095842902 63.3827732781767 61.90508432043343 60.463715848423575 59.06435628500749 57.71252826307547 56.413566830238565 55.17259839383314 53.99452048933317 52.88398245201509 51.84536706815564 50.8827732781767 50.0 49.20053113645379 48.48752182589988 47.86378599034409 47.33178523017154 46.893619109334594 46.55101686933316 46.305330604688436 46.157529926843594 46.108198137550374 46.157529926843594 46.305330604688436 46.55101686933316 46.8936191093346 47.33178523017153 47.863785990344084 48.487521825899876 49.20053113645379 50.0 50.882773278176685 51.84536706815564 52.883982452015076
79.42853867649063 77.95084971874738 76.44267203849506 74.9099577240168 73.3587556984813 71.79518784760651 70.22542485937367 68.65566187114085 67.09209402026607 65.54089199473057 64.00817768025232 62.5 61.02231104225673 59.580942570246876 58.1815830068308 56.82975498489877 55.530793552061866 54.28982511565644 53.11174721115648 52.00120917383839 50.962593789978946 50.0 49.1172267218233 48.31775785827709 47.60474854772319 46.9810127121674 46.44901195199485 46.0108458311579 45.66824359115647 45.422557326511736 45.274756648666894 45.22542485937368 45.274756648666894 45.422557326511736 45.66824359115647 46.01084583115791 46.44901195199484 46.98101271216739 47.60474854772318 48.3177578582771 49.11722672182331 49.99999999999999 50.96259378997894 52.001209173838376
78.46594488651169 76.98825592876842 75.48007824851611 73.94736393403785 72.39616190850235 70.83259405762757 69.26283106939474 67.6930680811619 66.12950023028712 64.57829820475162 63.04558389027336 61.53740621002105 60.05971725227778 58.61834878026792 57.21898921685185 55.86716119491982 54.56819976208291 53.32723132567749 52.14915342117753 51.038615383859444 50.0 49.03740621002105 48.15463293184435 47.35516406829814 46.64215475774424 46.018418922188445 45.486418162015894 45.048252041178955 44.705649801177515 44.45996353653278 44.31216285868794 44.262831069394736 44.31216285868794 44.45996353653278 44.705649801177515 45.048252041178955 45.486418162015894 46.018418922188445 46.64215475774424 47.35516406829815 48.15463293184436 49.03740621002105 49.99999999999999 51.03861538385943
77.42732950265224 75.94964054490897 74.44146286465667 72.9087485501784 71.3575465246429 69.79397867376812 68.22421568553528 66.65445269730246 65.09088484642768 63.53968282089217 62.006968506413926 60.49879082616161 59.02110186841834 57.579733396408486 56.1803738329924 54.82854581106038 53.529584378223475 52.28861594181805 51.11053803731808 50.0 48.96138461614055 47.99879082616161 47.11601754798491 46.3165486844387 45.60353937388479 44.979803538329 44.44780277815645 44.009636657319504 43.66703441731807 43.421348152673346 43.273547474828504 43.224215685535285 43.273547474828504 43.421348152673346 43.66703441731807 44.00963665731951 44.44780277815644 44.979803538328994 45.603539373884786 46.3165486844387 47.11601754798491 47.998790826161596 48.96138461614055 49.999999999999986
76.31679146533418 74.83910250759091 73.33092482733859 71.79821051286034 70.24700848732483 68.68344063645006 67.11367764821722 65.54391465998438 63.980346809109605 62.4291447835741 60.89643046909585 59.38825278884353 57.91056383110026 56.469195359090406 55.06983579567434 53.7180077737423 52.419046340905396 51.17807790449997 50.000000000000014 48.88946196268193 47.850846578822484 46.88825278884353 46.00547951066683 45.20601064712062 44.49300133656672 43.86926550101093 43.33726474083838 42.89909862000144 42.55649638 42.31081011535527 42.163009437510425 42.11367764821722 42.163009437510425 42.31081011535527 42.55649638 42.89909862000144 43.33726474083838 43.86926550101093 44.49300133656672 45.206010647120635 46.005479510666845 46.88825278884353 47.85084657882248 48.889461962681914
75.13871356083419 73.66102460309094 72.15284692283862 70.62013260836036 69.06893058282486 67.50536273195007 65.93559974371723 64.36583675548441 62.80226890460963 61.25106687907412 59.718352564595875 58.21017488434356 56.73248592660029 55.291117454590434 53.89175789117436 52.53992986924233 51.240968436405424 50.0 48.821922095500035 47.71138405818195 46.672768674322505 45.71017488434356 44.82740160616686 44.02793274262065 43.31492343206675 42.69118759651096 42.15918683633841 41.72102071550146 41.37841847550003 41.132732210855295 40.98493153301045 40.93559974371724 40.98493153301045 41.132732210855295 41.37841847550003 41.72102071550147 42.1591868363384 42.69118759651095 43.31492343206674 44.027932742620656 44.827401606166866 45.71017488434355 46.6727686743225 47.711384058181935
73.89774512442878 72.42005616668551 70.91187848643321 69.37916417195494 67.82796214641944 66.26439429554466 64.69463130731182 63.124868319079 61.56130046820422 60.01009844266871 58.477384128190465 56.96920644793815 55.49151749019488 54.050149018185024 52.65078945476895 51.29896143283692 50.000000000000014 48.75903156359459 47.580953659094625 46.47041562177654 45.431800237917095 44.46920644793815 43.58643316976145 42.78696430621524 42.07395499566133 41.45021916010554 40.91821839993299 40.48005227909605 40.13745003909461 39.891763774449885 39.74396309660504 39.69463130731183 39.74396309660504 39.891763774449885 40.13745003909461 40.48005227909605 40.91821839993299 41.45021916010554 42.07395499566133 42.786964306215246 43.586433169761456 44.46920644793814 45.43180023791709 46.470415621776525
72.59878369159188 71.12109473384861 69.61291705359629 68.08020273911804 66.52900071358253 64.96543286270776 63.39566987447492 61.82590688624209 60.26233903536731 58.7111370098318 57.178422695353554 55.67024501510124 54.19255605735797 52.75118758534811 51.351828021932036 50.00000000000001 48.7010385671631 47.46007013075768 46.281992226257714 45.17145418893963 44.13283880508018 43.17024501510124 42.28747173692454 41.48800287337833 40.77499356282442 40.15125772726863 39.61925696709608 39.18109084625914 38.8384886062577 38.59280234161297 38.44500166376813 38.39566987447492 38.44500166376813 38.59280234161297 38.8384886062577 39.18109084625914 39.61925696709608 40.15125772726863 40.77499356282442 41.488002873378335 42.287471736924545 43.17024501510123 44.132838805080176 45.17145418893961
71.24695566965984 69.76926671191657 68.26108903166426 66.728374717186 65.1771726916505 63.61360484077572 62.04384185254288 60.47407886431005 58.910511013435276 57.359308987899766 55.82659467342152 54.3184169931692 52.84072803542593 51.39935956341608 50.0 48.64817197806797 47.34921054523107 46.10824210882564 44.93016420432568 43.8196261670076 42.78101078314815 41.8184169931692 40.9356437149925 40.13617485144629 39.423165540892384 38.79942970533659 38.26742894516404 37.8292628243271 37.48666058432566 37.24097431968094 37.093173641836096 37.04384185254288 37.093173641836096 37.24097431968094 37.48666058432566 37.8292628243271 38.26742894516404 38.79942970533659 39.423165540892384 40.1361748514463 40.93564371499251 41.818416993169194 42.78101078314815 43.819626167007584
69.84759610624377 68.3699071485005 66.8617294682482 65.32901515376993 63.77781312823443 62.21424527735965 60.64448228912681 59.07471930089399 57.51115145001921 55.959949424483696 54.427235110005455 52.91905742975314 51.44136847200987 50.000000000000014 48.60064043658393 47.24881241465191 45.949850981815004 44.70888254540958 43.53080464090961 42.42026660359153 41.38165121973208 40.41905742975314 39.53628415157644 38.73681528803023 38.02380597747632 37.40007014192053 36.86806938174798 36.42990326091103 36.0873010209096 35.841614756264875 35.69381407842003 35.64448228912681 35.69381407842003 35.841614756264875 36.0873010209096 36.42990326091104 36.86806938174797 37.40007014192052 38.023805977476314 38.73681528803023 39.53628415157644 40.419057429753124 41.38165121973208 42.420266603591514
68.4062276342339 66.92853867649063 65.42036099623833 63.88764668176007 62.336444656224565 60.77287680534979 59.20311381711695 57.63335082888412 56.06978297800934 54.51858095247383 52.985866637995585 51.47768895774327 50.0 48.558631527990144 47.15927196457407 45.80744394264204 44.508482509805134 43.26751407339971 42.089436168899745 40.97889813158166 39.940282747722215 38.97768895774327 38.09491567956657 37.29544681602036 36.58243750546645 35.95870166991066 35.42670090973811 34.98853478890117 34.64593254889973 34.400246284255005 34.25244560641016 34.20311381711695 34.25244560641016 34.400246284255005 34.64593254889973 34.98853478890117 35.42670090973811 35.95870166991066 36.58243750546645 37.295446816020366 38.094915679566576 38.97768895774326 39.94028274772221 40.978898131581644
66.92853867649065 65.45084971874738 63.94267203849506 62.4099577240168 60.858755698481296 59.29518784760652 57.72542485937368 56.15566187114085 54.592094020266074 53.040891994730565 51.50817768025232 50.0 48.52231104225673 47.080942570246876 45.6815830068308 44.32975498489877 43.030793552061866 41.78982511565644 40.61174721115648 39.5012091738384 38.462593789978946 37.5 36.6172267218233 35.81775785827709 35.10474854772319 34.4810127121674 33.94901195199485 33.5108458311579 33.16824359115647 32.922557326511736 32.774756648666894 32.72542485937368 32.774756648666894 32.922557326511736 33.16824359115647 33.51084583115791 33.94901195199484 34.48101271216739 35.10474854772318 35.8177578582771 36.61722672182331 37.49999999999999 38.462593789978946 39.50120917383838
65.42036099623833 63.94267203849506 62.43449435824275 60.90178004376449 59.35057801822899 57.78701016735421 56.21724717912137 54.64748419088854 53.083916340013765 51.532714314478255 50.00000000000001 48.49182231974769 47.01413336200442 45.572764889994566 44.17340532657849 42.82157730464646 41.522615871809556 40.28164743540413 39.10356953090417 37.99303149358608 36.95441610972664 35.99182231974769 35.10904904157099 34.30958017802478 33.596570867470874 32.97283503191508 32.44083427174253 32.00266815090559 31.66006591090415 31.414379646259423 31.26657896841458 31.21724717912137 31.26657896841458 31.414379646259423 31.66006591090415 32.00266815090559 32.44083427174253 32.97283503191508 33.596570867470874 34.30958017802479 35.109049041571 35.99182231974768 36.95441610972663 37.99303149358607
63.887646681760074 62.409957724016806 60.9017800437645 59.369065729286234 57.81786370375073 56.254295852875956 54.68453286464312 53.114769876410286 51.55120202553551 50.0 48.46728568552175 46.959108005269435 45.48141904752617 44.04005057551631 42.640691012100234 41.288862990168205 39.9899015573313 38.74893312092588 37.57085521642591 36.460317179107825 35.42170179524838 34.459108005269435 33.576334727092735 32.776865863546526 32.06385655299262 31.440120717436827 30.908119957264276 30.469953836427337 30.127351596425896 29.88166533178117 29.73386465393633 29.684532864643117 29.73386465393633 29.88166533178117 30.127351596425896 30.469953836427337 30.908119957264276 31.440120717436827 32.06385655299262 32.77686586354653 33.57633472709274 34.45910800526943 35.421701795248374 36.46031717910781
62.336444656224565 60.858755698481296 59.35057801822899 57.817863703750724 56.26666167821522 54.703093827340446 53.13333083910761 51.563567850874776 50.0 48.44879797446449 46.91608365998624 45.407905979733926 43.93021702199066 42.4888485499808 41.089488986564724 39.737660964632695 38.43869953179579 37.19773109539037 36.0196531908904 34.909115153572316 33.87049976971287 32.907905979733926 32.025132701557226 31.225663838011016 30.512654527457112 29.88891869190132 29.35691793172877 28.918751810891827 28.57614957089039 28.33046330624566 28.18266262840082 28.133330839107607 28.18266262840082 28.33046330624566 28.57614957089039 28.91875181089183 29.356917931728766 29.888918691901317 30.51265452745711 31.225663838011023 32.02513270155723 32.90790597973392 33.870499769712865 34.9091151535723
