test/input/AN_ElevSynth.asc
ncols         101
nrows         101
xllcorner     0.0
yllcorner     0.0
cellsize      1
NODATA_value  -9999.
[rows 80 to 99 of 101, columns 0 to 43 of 101]
74.21457902821578 75.7843420164486 77.34790986732338 78.8991118928589 80.43182620733715 81.94000388758946 83.41769284533272 84.8590613173426 86.25842088075866 87.6102489026907 88.9092103355276 90.15017877193301 91.328256676433 92.43879471375107 93.47741009761052 94.44000388758946 95.32277716576615 96.12224602931238 96.83525533986626 97.45899117542206 97.99099193559462 98.42915805643156 98.771760296433 99.01744656107772 99.16524723892257 99.21457902821578 99.16524723892257 99.01744656107772 98.771760296433 98.42915805643156 97.99099193559462 97.45899117542207 96.83525533986626 96.12224602931236 95.32277716576615 94.44000388758947 93.47741009761052 92.43879471375107 91.328256676433 90.15017877193303 88.9092103355276 87.6102489026907 86.25842088075866 84.8590613173426
73.77641290737884 75.34617589561167 76.90974374648644 78.46094577202196 79.99366008650021 81.50183776675252 82.97952672449578 84.42089519650565 85.82025475992172 87.17208278185376 88.47104421469066 89.71201265109607 90.89009055559606 92.00062859291413 93.03924397677358 94.00183776675252 94.88461104492922 95.68407990847544 96.39708921902933 97.02082505458512 97.55282581475768 97.99099193559462 98.33359417559606 98.57928044024078 98.72708111808564 98.77641290737884 98.72708111808564 98.57928044024078 98.33359417559606 97.99099193559462 97.55282581475768 97.02082505458513 96.39708921902933 95.68407990847543 94.88461104492922 94.00183776675253 93.03924397677358 92.00062859291413 90.89009055559606 89.71201265109609 88.47104421469066 87.17208278185376 85.82025475992172 84.42089519650565
73.24441214720628 74.81417513543911 76.37774298631389 77.92894501184941 79.46165932632766 80.96983700657997 82.44752596432323 83.88889443633309 85.28825399974917 86.6400820216812 87.9390434545181 89.18001189092351 90.3580897954235 91.46862783274156 92.50724321660101 93.46983700657995 94.35261028475665 95.15207914830287 95.86508845885677 96.48882429441255 97.02082505458512 97.45899117542206 97.8015934154235 98.04727968006821 98.19508035791307 98.24441214720628 98.19508035791307 98.04727968006821 97.8015934154235 97.45899117542206 97.02082505458512 96.48882429441258 95.86508845885677 95.15207914830287 94.35261028475665 93.46983700657998 92.50724321660101 91.46862783274156 90.3580897954235 89.18001189092354 87.9390434545181 86.64008202168121 85.28825399974917 83.8888944363331
72.62067631165048 74.19043929988332 75.7540071507581 77.3052091762936 78.83792349077186 80.34610117102417 81.82379012876744 83.2651586007773 84.66451816419337 86.0163461861254 87.31530761896231 88.55627605536772 89.7343539598677 90.84489199718577 91.88350738104522 92.84610117102416 93.72887444920086 94.52834331274708 95.24135262330097 95.86508845885676 96.39708921902933 96.83525533986626 97.1778575798677 97.42354384451242 97.57134452235728 97.62067631165048 97.57134452235728 97.42354384451242 97.1778575798677 96.83525533986626 96.39708921902933 95.86508845885677 95.24135262330097 94.52834331274707 93.72887444920086 92.84610117102417 91.88350738104522 90.84489199718577 89.7343539598677 88.55627605536773 87.31530761896231 86.01634618612542 84.66451816419337 83.26515860077731
71.9076670010966 73.47742998932942 75.0409978402042 76.5921998657397 78.12491418021796 79.63309186047027 81.11078081821354 82.55214929022341 83.95150885363947 85.30333687557152 86.60229830840842 87.84326674481383 89.02134464931382 90.13188268663188 91.17049807049133 92.13309186047027 93.01586513864697 93.8153340021932 94.52834331274707 95.15207914830287 95.68407990847544 96.12224602931238 96.46484826931382 96.71053453395854 96.8583352118034 96.9076670010966 96.8583352118034 96.71053453395854 96.46484826931382 96.12224602931238 95.68407990847544 95.15207914830287 94.52834331274707 93.81533400219317 93.01586513864697 92.13309186047027 91.17049807049133 90.13188268663188 89.02134464931382 87.84326674481383 86.60229830840842 85.30333687557152 83.95150885363947 82.55214929022341
71.10819813755037 72.67796112578321 74.24152897665799 75.79273100219349 77.32544531667175 78.83362299692406 80.31131195466733 81.75268042667719 83.15203999009326 84.5038680120253 85.8028294448622 87.04379788126761 88.2218757857676 89.33241382308566 90.37102920694511 91.33362299692405 92.21639627510075 93.01586513864697 93.72887444920086 94.35261028475665 94.88461104492922 95.32277716576615 95.6653794057676 95.91106567041231 96.05886634825717 96.10819813755037 96.05886634825717 95.91106567041231 95.6653794057676 95.32277716576615 94.88461104492922 94.35261028475666 93.72887444920086 93.01586513864696 92.21639627510075 91.33362299692406 90.37102920694511 89.33241382308566 88.2218757857676 87.04379788126762 85.8028294448622 84.50386801202531 83.15203999009326 81.7526804266772
70.22542485937367 71.79518784760651 73.35875569848129 74.9099577240168 76.44267203849506 77.95084971874736 79.42853867649063 80.86990714850049 82.26926671191657 83.6210947338486 84.9200561666855 86.16102460309091 87.3391025075909 88.44964054490896 89.48825592876841 90.45084971874735 91.33362299692405 92.13309186047027 92.84610117102417 93.46983700657995 94.00183776675252 94.44000388758946 94.7826061275909 95.02829239223561 95.17609307008047 95.22542485937367 95.17609307008047 95.02829239223561 94.7826061275909 94.44000388758946 94.00183776675252 93.46983700657998 92.84610117102417 92.13309186047027 91.33362299692405 90.45084971874738 89.48825592876841 88.44964054490896 87.3391025075909 86.16102460309094 84.9200561666855 83.62109473384861 82.26926671191657 80.8699071485005
69.26283106939474 70.83259405762756 72.39616190850234 73.94736393403785 75.48007824851611 76.98825592876841 78.46594488651168 79.90731335852155 81.30667292193762 82.65850094386965 83.95746237670656 85.19843081311197 86.37650871761196 87.48704675493002 88.52566213878947 89.48825592876841 90.37102920694511 91.17049807049133 91.88350738104522 92.50724321660101 93.03924397677358 93.47741009761052 93.82001233761196 94.06569860225667 94.21349928010153 94.26283106939474 94.21349928010153 94.06569860225667 93.82001233761196 93.47741009761052 93.03924397677358 92.50724321660103 91.88350738104522 91.17049807049132 90.37102920694511 89.48825592876842 88.52566213878947 87.48704675493002 86.37650871761196 85.19843081311198 83.95746237670656 82.65850094386965 81.30667292193762 79.90731335852155
68.22421568553528 69.79397867376812 71.3575465246429 72.9087485501784 74.44146286465666 75.94964054490897 77.42732950265224 78.8686979746621 80.26805753807817 81.6198855600102 82.91884699284711 84.15981542925252 85.3378933337525 86.44843137107057 87.48704675493002 88.44964054490896 89.33241382308566 90.13188268663188 90.84489199718577 91.46862783274156 92.00062859291413 92.43879471375107 92.7813969537525 93.02708321839722 93.17488389624208 93.22421568553528 93.17488389624208 93.02708321839722 92.7813969537525 92.43879471375107 92.00062859291413 91.46862783274157 90.84489199718577 90.13188268663187 89.33241382308566 88.44964054490897 87.48704675493002 86.44843137107057 85.3378933337525 84.15981542925253 82.91884699284711 81.61988556001022 80.26805753807817 78.86869797466211
67.11367764821722 68.68344063645004 70.24700848732482 71.79821051286034 73.33092482733859 74.8391025075909 76.31679146533416 77.75815993734403 79.1575195007601 80.50934752269214 81.80830895552904 83.04927739193445 84.22735529643444 85.3378933337525 86.37650871761196 87.3391025075909 88.2218757857676 89.02134464931382 89.7343539598677 90.3580897954235 90.89009055559606 91.328256676433 91.67085891643444 91.91654518107916 92.06434585892401 92.11367764821722 92.06434585892401 91.91654518107916 91.67085891643444 91.328256676433 90.89009055559606 90.35808979542351 89.7343539598677 89.0213446493138 88.2218757857676 87.33910250759091 86.37650871761196 85.3378933337525 84.22735529643444 83.04927739193447 81.80830895552904 80.50934752269214 79.1575195007601 77.75815993734403
65.93559974371723 67.50536273195007 69.06893058282485 70.62013260836036 72.15284692283862 73.66102460309092 75.13871356083419 76.58008203284405 77.97944159626013 79.33126961819215 80.63023105102906 81.87119948743447 83.04927739193445 84.15981542925252 85.19843081311197 86.16102460309091 87.04379788126761 87.84326674481383 88.55627605536773 89.18001189092351 89.71201265109607 90.15017877193301 90.49278101193445 90.73846727657917 90.88626795442403 90.93559974371723 90.88626795442403 90.73846727657917 90.49278101193445 90.15017877193301 89.71201265109607 89.18001189092354 88.55627605536773 87.84326674481383 87.04379788126761 86.16102460309094 85.19843081311197 84.15981542925252 83.04927739193445 81.8711994874345 80.63023105102906 79.33126961819217 77.97944159626013 76.58008203284406
64.69463130731182 66.26439429554466 67.82796214641944 69.37916417195494 70.9118784864332 72.42005616668551 73.89774512442878 75.33911359643864 76.7384731598547 78.09030118178674 79.38926261462365 80.63023105102906 81.80830895552904 82.91884699284711 83.95746237670656 84.9200561666855 85.8028294448622 86.60229830840842 87.31530761896231 87.9390434545181 88.47104421469066 88.9092103355276 89.25181257552904 89.49749884017376 89.64529951801862 89.69463130731182 89.64529951801862 89.49749884017376 89.25181257552904 88.9092103355276 88.47104421469066 87.93904345451811 87.31530761896231 86.60229830840841 85.8028294448622 84.92005616668551 83.95746237670656 82.91884699284711 81.80830895552904 80.63023105102907 79.38926261462365 78.09030118178676 76.7384731598547 75.33911359643865
63.39566987447492 64.96543286270774 66.52900071358252 68.08020273911804 69.61291705359629 71.1210947338486 72.59878369159186 74.04015216360173 75.4395117270178 76.79133974894984 78.09030118178674 79.33126961819215 80.50934752269214 81.6198855600102 82.65850094386965 83.6210947338486 84.5038680120253 85.30333687557152 86.0163461861254 86.6400820216812 87.17208278185376 87.6102489026907 87.95285114269214 88.19853740733686 88.34633808518171 88.39566987447492 88.34633808518171 88.19853740733686 87.95285114269214 87.6102489026907 87.17208278185376 86.64008202168121 86.0163461861254 85.3033368755715 84.5038680120253 83.62109473384861 82.65850094386965 81.6198855600102 80.50934752269214 79.33126961819217 78.09030118178674 76.79133974894984 75.4395117270178 74.04015216360173
62.04384185254288 63.613604840775714 65.1771726916505 66.728374717186 68.26108903166426 69.76926671191657 71.24695566965983 72.6883241416697 74.08768370508577 75.4395117270178 76.7384731598547 77.97944159626012 79.1575195007601 80.26805753807817 81.30667292193762 82.26926671191656 83.15203999009326 83.95150885363948 84.66451816419337 85.28825399974916 85.82025475992172 86.25842088075866 86.6010231207601 86.84670938540482 86.99451006324968 87.04384185254288 86.99451006324968 86.84670938540482 86.6010231207601 86.25842088075866 85.82025475992172 85.28825399974917 84.66451816419337 83.95150885363947 83.15203999009326 82.26926671191657 81.30667292193762 80.26805753807817 79.1575195007601 77.97944159626013 76.7384731598547 75.43951172701782 74.08768370508577 72.68832414166971
60.64448228912681 62.21424527735965 63.77781312823443 65.32901515376993 66.86172946824819 68.3699071485005 69.84759610624377 71.28896457825363 72.6883241416697 74.04015216360173 75.33911359643864 76.58008203284405 77.75815993734403 78.8686979746621 79.90731335852155 80.86990714850049 81.75268042667719 82.55214929022341 83.2651586007773 83.88889443633309 84.42089519650565 84.8590613173426 85.20166355734403 85.44734982198875 85.59515049983361 85.64448228912681 85.59515049983361 85.44734982198875 85.20166355734403 84.8590613173426 84.42089519650565 83.8888944363331 83.2651586007773 82.5521492902234 81.75268042667719 80.8699071485005 79.90731335852155 78.8686979746621 77.75815993734403 76.58008203284406 75.33911359643864 74.04015216360175 72.6883241416697 71.28896457825364
59.20311381711695 60.77287680534978 62.33644465622456 63.88764668176007 65.42036099623832 66.92853867649063 68.4062276342339 69.84759610624376 71.24695566965983 72.59878369159186 73.89774512442877 75.13871356083418 76.31679146533416 77.42732950265223 78.46594488651168 79.42853867649062 80.31131195466732 81.11078081821354 81.82379012876743 82.44752596432322 82.97952672449578 83.41769284533272 83.76029508533416 84.00598134997888 84.15378202782374 84.20311381711694 84.15378202782374 84.00598134997888 83.76029508533416 83.41769284533272 82.97952672449578 82.44752596432323 81.82379012876743 81.11078081821353 80.31131195466732 79.42853867649063 78.46594488651168 77.42732950265223 76.31679146533416 75.13871356083419 73.89774512442877 72.59878369159188 71.24695566965983 69.84759610624377
57.72542485937368 59.29518784760651 60.85875569848129 62.4099577240168 63.942672038495054 65.45084971874736 66.92853867649063 68.3699071485005 69.76926671191657 71.12109473384861 72.42005616668551 73.66102460309092 74.83910250759091 75.94964054490897 76.98825592876842 77.95084971874736 78.83362299692406 79.63309186047029 80.34610117102417 80.96983700657997 81.50183776675253 81.94000388758947 82.28260612759091 82.52829239223563 82.67609307008048 82.72542485937369 82.67609307008048 82.52829239223563 82.28260612759091 81.94000388758947 81.50183776675253 80.96983700657998 80.34610117102417 79.63309186047027 78.83362299692406 77.95084971874738 76.98825592876842 75.94964054490897 74.83910250759091 73.66102460309094 72.42005616668551 71.12109473384861 69.76926671191657 68.3699071485005
56.21724717912137 57.787010167354204 59.35057801822898 60.90178004376449 62.434494358242745 63.942672038495054 65.42036099623832 66.86172946824819 68.26108903166426 69.61291705359629 70.9118784864332 72.1528469228386 73.33092482733859 74.44146286465666 75.48007824851611 76.44267203849505 77.32544531667175 78.12491418021797 78.83792349077186 79.46165932632765 79.99366008650021 80.43182620733715 80.7744284473386 81.02011471198331 81.16791538982817 81.21724717912137 81.16791538982817 81.02011471198331 80.7744284473386 80.43182620733715 79.99366008650021 79.46165932632766 78.83792349077186 78.12491418021796 77.32544531667175 76.44267203849506 75.48007824851611 74.44146286465666 73.33092482733859 72.15284692283862 70.9118784864332 69.61291705359629 68.26108903166426 66.86172946824819
54.68453286464312 56.25429585287595 57.817863703750724 59.369065729286234 60.90178004376449 62.4099577240168 63.88764668176007 65.32901515376993 66.728374717186 68.08020273911804 69.37916417195494 70.62013260836035 71.79821051286034 72.9087485501784 73.94736393403785 74.90995772401679 75.79273100219349 76.59219986573972 77.3052091762936 77.9289450118494 78.46094577202196 78.8991118928589 79.24171413286034 79.48740039750506 79.63520107534991 79.68453286464312 79.63520107534991 79.48740039750506 79.24171413286034 78.8991118928589 78.46094577202196 77.92894501184941 77.3052091762936 76.5921998657397 75.79273100219349 74.9099577240168 73.94736393403785 72.9087485501784 71.79821051286034 70.62013260836036 69.37916417195494 68.08020273911804 66.728374717186 65.32901515376993
53.13333083910761 54.70309382734044 56.266661678215215 57.817863703750724 59.35057801822898 60.85875569848129 62.33644465622456 63.77781312823442 65.17717269165048 66.52900071358252 67.82796214641942 69.06893058282483 70.24700848732482 71.35754652464288 72.39616190850234 73.35875569848127 74.24152897665797 75.0409978402042 75.75400715075808 76.37774298631388 76.90974374648644 77.34790986732338 77.69051210732482 77.93619837196954 78.0839990498144 78.1333308391076 78.0839990498144 77.93619837196954 77.69051210732482 77.34790986732338 76.90974374648644 76.37774298631389 75.75400715075808 75.04099784020418 74.24152897665797 73.35875569848129 72.39616190850234 71.35754652464288 70.24700848732482 69.06893058282485 67.82796214641942 66.52900071358253 65.17717269165048 63.77781312823443
