test/input/AN_ElevSynth.asc
ncols         101
nrows         101
xllcorner     0.0
yllcorner     0.0
cellsize      1
NODATA_value  -9999.
[rows 60 to 79 of 101, columns 44 to 87 of 101]
72.59878369159188 71.12109473384861 69.6129170535963 68.08020273911804 66.52900071358253 64.96543286270776 63.395669874474926 61.825906886242095 60.26233903536732 58.71113700983181 57.17842269535356 55.670245015101244 54.192556057357976 52.75118758534812 51.35182802193204 50.000000000000014 48.70103856716311 47.460070130757686 46.28199222625772 45.171454188939634 44.13283880508019 43.170245015101244 42.287471736924545 41.488002873378335 40.77499356282443 40.151257727268636 39.619256967096085 39.181090846259146 38.838488606257705 38.59280234161298 38.44500166376814 38.395669874474926 38.44500166376814 38.59280234161298 38.838488606257705 39.181090846259146 39.619256967096085 40.151257727268636 40.77499356282443 41.48800287337834 42.28747173692455 43.17024501510124 44.13283880508018 45.17145418893962
73.89774512442878 72.42005616668553 70.91187848643321 69.37916417195495 67.82796214641945 66.26439429554466 64.69463130731182 63.124868319079 61.56130046820422 60.01009844266871 58.477384128190465 56.96920644793815 55.49151749019488 54.050149018185024 52.65078945476895 51.29896143283692 50.000000000000014 48.75903156359459 47.580953659094625 46.47041562177654 45.431800237917095 44.46920644793815 43.58643316976145 42.78696430621524 42.07395499566134 41.45021916010555 40.918218399933 40.48005227909605 40.13745003909462 39.891763774449885 39.74396309660504 39.69463130731183 39.74396309660504 39.891763774449885 40.13745003909462 40.48005227909606 40.91821839993299 41.45021916010554 42.07395499566133 42.786964306215246 43.586433169761456 44.46920644793814 45.43180023791709 46.470415621776525
75.1387135608342 73.66102460309094 72.15284692283862 70.62013260836036 69.06893058282486 67.50536273195009 65.93559974371725 64.36583675548441 62.80226890460964 61.25106687907413 59.71835256459588 58.210174884343566 56.7324859266003 55.29111745459044 53.891757891174365 52.539929869242336 51.24096843640543 50.00000000000001 48.82192209550004 47.711384058181956 46.67276867432251 45.710174884343566 44.827401606166866 44.027932742620656 43.31492343206675 42.69118759651096 42.15918683633841 41.72102071550147 41.37841847550003 41.1327322108553 40.98493153301046 40.93559974371725 40.98493153301046 41.1327322108553 41.37841847550003 41.72102071550147 42.15918683633841 42.69118759651096 43.31492343206675 44.02793274262066 44.82740160616687 45.71017488434356 46.672768674322505 47.71138405818194
76.31679146533418 74.83910250759091 73.3309248273386 71.79821051286034 70.24700848732483 68.68344063645006 67.11367764821722 65.54391465998438 63.98034680910961 62.4291447835741 60.896430469095854 59.38825278884354 57.91056383110027 56.46919535909041 55.06983579567434 53.71800777374231 52.4190463409054 51.17807790449998 50.000000000000014 48.889461962681935 47.850846578822484 46.88825278884354 46.00547951066684 45.20601064712063 44.49300133656672 43.86926550101093 43.33726474083838 42.89909862000144 42.55649638 42.310810115355274 42.16300943751043 42.11367764821722 42.16300943751043 42.310810115355274 42.55649638 42.89909862000144 43.33726474083838 43.86926550101093 44.49300133656672 45.206010647120635 46.005479510666845 46.88825278884353 47.850846578822484 48.88946196268192
77.42732950265224 75.94964054490897 74.44146286465667 72.9087485501784 71.3575465246429 69.79397867376812 68.22421568553528 66.65445269730245 65.09088484642768 63.53968282089217 62.00696850641392 60.4987908261616 59.021101868418334 57.57973339640848 56.1803738329924 54.82854581106037 53.52958437822347 52.288615941818044 51.11053803731808 50.0 48.96138461614055 47.9987908261616 47.1160175479849 46.31654868443869 45.603539373884786 44.979803538328994 44.44780277815644 44.009636657319504 43.667034417318064 43.42134815267334 43.2735474748285 43.224215685535285 43.2735474748285 43.42134815267334 43.667034417318064 44.009636657319504 44.44780277815644 44.979803538328994 45.603539373884786 46.3165486844387 47.11601754798491 47.998790826161596 48.96138461614055 49.999999999999986
78.46594488651169 76.98825592876842 75.48007824851611 73.94736393403785 72.39616190850235 70.83259405762757 69.26283106939474 67.6930680811619 66.12950023028712 64.57829820475162 63.04558389027336 61.53740621002105 60.05971725227778 58.61834878026792 57.21898921685185 55.86716119491982 54.56819976208291 53.32723132567749 52.14915342117753 51.038615383859444 50.0 49.03740621002105 48.15463293184435 47.35516406829814 46.64215475774424 46.018418922188445 45.486418162015894 45.048252041178955 44.705649801177515 44.45996353653278 44.31216285868794 44.262831069394736 44.31216285868794 44.45996353653278 44.705649801177515 45.048252041178955 45.486418162015894 46.018418922188445 46.64215475774424 47.35516406829815 48.15463293184436 49.03740621002105 49.99999999999999 51.03861538385943
79.42853867649065 77.95084971874738 76.44267203849506 74.9099577240168 73.3587556984813 71.79518784760653 70.22542485937369 68.65566187114085 67.09209402026607 65.54089199473057 64.00817768025232 62.5 61.02231104225673 59.580942570246876 58.181583006830806 56.82975498489877 55.530793552061866 54.28982511565644 53.111747211156484 52.0012091738384 50.96259378997895 50.0 49.1172267218233 48.31775785827709 47.60474854772319 46.9810127121674 46.44901195199485 46.01084583115791 45.66824359115647 45.422557326511736 45.274756648666894 45.22542485937369 45.274756648666894 45.422557326511736 45.66824359115647 46.01084583115791 46.44901195199485 46.9810127121674 47.60474854772319 48.317757858277105 49.117226721823315 50.0 50.962593789978946 52.00120917383838
80.31131195466733 78.83362299692406 77.32544531667176 75.79273100219349 74.24152897665799 72.67796112578321 71.10819813755037 69.53843514931754 67.97486729844277 66.42366527290726 64.89095095842902 63.38277327817669 61.905084320433424 60.46371584842357 59.06435628500749 57.71252826307546 56.41356683023856 55.172598393833134 53.99452048933317 52.88398245201509 51.84536706815564 50.88277327817669 49.99999999999999 49.20053113645378 48.487521825899876 47.863785990344084 47.33178523017153 46.893619109334594 46.551016869333154 46.30533060468843 46.15752992684359 46.108198137550374 46.15752992684359 46.30533060468843 46.551016869333154 46.893619109334594 47.33178523017153 47.863785990344084 48.487521825899876 49.20053113645379 50.0 50.882773278176685 51.84536706815564 52.883982452015076
81.11078081821354 79.63309186047027 78.12491418021797 76.5921998657397 75.0409978402042 73.47742998932942 71.90766700109658 70.33790401286376 68.77433616198898 67.22313413645347 65.69041982197523 64.18224214172291 62.70455318397964 61.263184711969785 59.8638251485537 58.51199712662168 57.213035693784775 55.97206725737935 54.79398935287938 53.6834513155613 52.64483593170185 51.68224214172291 50.79946886354621 50.0 49.28699068944609 48.6632548538903 48.13125409371775 47.693087972880804 47.35048573287937 47.104799468234646 46.956998790389804 46.907667001096584 46.956998790389804 47.104799468234646 47.35048573287937 47.69308797288081 48.13125409371774 48.663254853890294 49.286990689446085 50.0 50.79946886354621 51.682242141722895 52.64483593170185 53.683451315561285
81.82379012876744 80.34610117102417 78.83792349077187 77.3052091762936 75.7540071507581 74.19043929988332 72.62067631165048 71.05091332341766 69.48734547254288 67.93614344700737 66.40342913252913 64.89525145227681 63.41756249453354 61.976194022523686 60.5768344591076 59.22500643717558 57.926045004338675 56.68507656793325 55.50699866343328 54.3964606261152 53.35784524225575 52.39525145227681 51.51247817410011 50.7130093105539 49.99999999999999 49.3762641644442 48.84426340427165 48.406097283434704 48.06349504343327 47.817808778788546 47.670008100943704 47.620676311650485 47.670008100943704 47.817808778788546 48.06349504343327 48.40609728343471 48.84426340427164 49.376264164444194 49.999999999999986 50.7130093105539 51.51247817410011 52.395251452276796 53.35784524225575 54.396460626115186
82.44752596432325 80.96983700657998 79.46165932632766 77.92894501184941 76.3777429863139 74.81417513543913 73.24441214720629 71.67464915897345 70.11108130809868 68.55987928256317 67.02716496808492 65.5189872878326 64.04129833008933 62.59992985807948 61.20057029466341 59.84874227273137 58.54978083989447 57.30881240348904 56.130734498989085 55.020196461671 53.981581077811555 53.0189872878326 52.1362140096559 51.33674514610969 50.62373583555579 50.0 49.46799923982745 49.02983311899051 48.68723087898907 48.44154461434434 48.293743936499496 48.24441214720629 48.293743936499496 48.44154461434434 48.68723087898907 49.02983311899051 49.46799923982745 50.0 50.62373583555579 51.336745146109706 52.136214009655916 53.0189872878326 53.98158107781155 55.020196461670984
82.9795267244958 81.50183776675253 79.99366008650023 78.46094577202196 76.90974374648646 75.34617589561168 73.77641290737884 72.206649919146 70.64308206827124 69.09188004273572 67.55916572825748 66.05098804800517 64.57329909026188 63.131930618252035 61.73257105483596 60.38074303290393 59.081781600067025 57.8408131636616 56.662735259161636 55.55219722184356 54.513581837984106 53.55098804800516 52.66821476982846 51.86874590628225 51.15573659572834 50.53200076017255 50.0 49.56183387916306 49.21923163916162 48.973545374516895 48.825744696672054 48.77641290737884 48.825744696672054 48.973545374516895 49.21923163916162 49.56183387916306 50.0 50.53200076017255 51.15573659572834 51.86874590628226 52.66821476982847 53.55098804800515 54.513581837984106 55.55219722184354
83.41769284533274 81.94000388758947 80.43182620733715 78.8991118928589 77.3479098673234 75.78434201644862 74.21457902821578 72.64481603998294 71.08124818910817 69.53004616357266 67.99733184909441 66.48915416884209 65.01146521109882 63.57009673908897 62.1707371756729 60.81890915374086 59.51994772090396 58.27897928449853 57.100901379998575 55.99036334268049 54.951747958821045 53.98915416884209 53.10638089066539 52.30691202711918 51.59390271656528 50.97016688100949 50.43816612083694 50.0 49.65739775999856 49.41171149535383 49.263910817508986 49.21457902821578 49.263910817508986 49.41171149535383 49.65739775999856 50.0 50.43816612083694 50.97016688100949 51.59390271656528 52.306912027119196 53.106380890665406 53.98915416884209 54.95174795882104 55.990363342680475
83.76029508533418 82.28260612759091 80.7744284473386 79.24171413286034 77.69051210732484 76.12694425645006 74.55718126821722 72.98741827998438 71.4238504291096 69.8726484035741 68.33993408909585 66.83175640884353 65.35406745110026 63.91269897909041 62.51333941567434 61.1615113937423 59.8625499609054 58.62158152449997 57.443503620000016 56.33296558268193 55.294350198822485 54.33175640884353 53.44898313066683 52.64951426712062 51.93650495656672 51.31276912101093 50.78076836083838 50.34260224000144 50.0 49.75431373535527 49.606513057510426 49.55718126821722 49.606513057510426 49.75431373535527 50.0 50.34260224000144 50.78076836083838 51.31276912101093 51.93650495656672 52.64951426712064 53.448983130666846 54.33175640884353 55.29435019882248 56.332965582681915
84.0059813499789 82.52829239223564 81.02011471198333 79.48740039750507 77.93619837196957 76.37263052109478 74.80286753286194 73.23310454462911 71.66953669375434 70.11833466821884 68.58562035374058 67.07744267348826 65.599753715745 64.15838524373514 62.75902568031906 61.407197658387034 60.10823622555013 58.867267789144705 57.68918988464474 56.578651847326654 55.54003646346721 54.577442673488264 53.694669395311564 52.895200531765354 52.182191221211454 51.55845538565566 51.02645462548311 50.588288504646165 50.24568626464473 50.0 49.85219932215516 49.802867532861946 49.85219932215516 50.0 50.24568626464473 50.58828850464617 51.026454625483105 51.558455385655655 52.18219122121145 52.89520053176536 53.69466939531157 54.57744267348826 55.5400364634672 56.57865184732664
84.15378202782375 82.67609307008047 81.16791538982817 79.6352010753499 78.0839990498144 76.52043119893963 74.9506682107068 73.38090522247396 71.81733737159918 70.26613534606366 68.73342103158542 67.2252433513331 65.74755439358984 64.30618592157998 62.906826358163904 61.554998336231876 60.25603690339497 59.01506846698955 57.83699056248958 56.726452525171496 55.68783714131205 54.725243351333106 53.842470073156406 53.043001209610196 52.329991899056296 51.706256063500504 51.17425530332795 50.73608918249101 50.393486942489574 50.14780067784484 50.0 49.95066821070679 50.0 50.14780067784484 50.393486942489574 50.736089182491014 51.174255303327946 51.7062560635005 52.32999189905629 53.0430012096102 53.84247007315641 54.7252433513331 55.687837141312045 56.72645252517148
84.20311381711696 82.72542485937369 81.21724717912139 79.68453286464312 78.13333083910761 76.56976298823284 75.0 73.43023701176716 71.8666691608924 70.31546713535688 68.78275282087864 67.27457514062633 65.79688618288304 64.35551771087319 62.95615814745712 61.60433012552509 60.305368692688184 59.06440025628276 57.886322351782795 56.775784314464715 55.737168930605264 54.77457514062632 53.89180186244962 53.09233299890341 52.3793236883495 51.75558785279371 51.22358709262116 50.78542097178422 50.44281873178278 50.197132467138054 50.04933178929321 50.0 50.04933178929321 50.197132467138054 50.44281873178278 50.78542097178422 51.22358709262116 51.75558785279371 52.3793236883495 53.092332998903416 53.891801862449626 54.77457514062631 55.737168930605264 56.7757843144647
84.15378202782375 82.67609307008047 81.16791538982817 79.6352010753499 78.0839990498144 76.52043119893963 74.9506682107068 73.38090522247396 71.81733737159918 70.26613534606366 68.73342103158542 67.2252433513331 65.74755439358984 64.30618592157998 62.906826358163904 61.554998336231876 60.25603690339497 59.01506846698955 57.83699056248958 56.726452525171496 55.68783714131205 54.725243351333106 53.842470073156406 53.043001209610196 52.329991899056296 51.706256063500504 51.17425530332795 50.73608918249101 50.393486942489574 50.14780067784484 50.0 49.95066821070679 50.0 50.14780067784484 50.393486942489574 50.736089182491014 51.174255303327946 51.7062560635005 52.32999189905629 53.0430012096102 53.84247007315641 54.7252433513331 55.687837141312045 56.72645252517148
84.0059813499789 82.52829239223564 81.02011471198333 79.48740039750507 77.93619837196957 76.37263052109478 74.80286753286194 73.23310454462911 71.66953669375434 70.11833466821884 68.58562035374058 67.07744267348826 65.599753715745 64.15838524373514 62.75902568031906 61.407197658387034 60.10823622555013 58.867267789144705 57.68918988464474 56.578651847326654 55.54003646346721 54.577442673488264 53.694669395311564 52.895200531765354 52.182191221211454 51.55845538565566 51.02645462548311 50.588288504646165 50.24568626464473 50.0 49.85219932215516 49.802867532861946 49.85219932215516 50.0 50.24568626464473 50.58828850464617 51.026454625483105 51.558455385655655 52.18219122121145 52.89520053176536 53.69466939531157 54.57744267348826 55.5400364634672 56.57865184732664
83.76029508533418 82.2826061275909 80.7744284473386 79.24171413286032 77.69051210732482 76.12694425645006 74.55718126821722 72.98741827998438 71.4238504291096 69.87264840357409 68.33993408909585 66.83175640884353 65.35406745110026 63.91269897909041 62.51333941567433 61.1615113937423 59.8625499609054 58.62158152449997 57.44350362000001 56.33296558268192 55.29435019882248 54.33175640884353 53.44898313066683 52.64951426712062 51.93650495656672 51.31276912101093 50.78076836083838 50.34260224000143 50.0 49.75431373535527 49.606513057510426 49.557181268217214 49.606513057510426 49.75431373535527 50.0 50.34260224000144 50.78076836083837 51.31276912101092 51.936504956566715 52.64951426712063 53.44898313066684 54.331756408843525 55.29435019882247 56.33296558268191
