test/standards/AN_aspect_gs_Synth.asc
ncols         101
nrows         101
xllcorner     0.0
yllcorner     0.0
cellsize      1
NODATA_value  -9999.
[rows 80 to 99 of 101, columns 45 to 89 of 101]
104.65404612937074 104.39999999999999 104.20729073138851 104.07217736106269 103.992101863549 103.96557330835515 103.992101863549 104.07217736106269 104.20729073138851 104.39999999999999 104.65404612937074 104.97452823788068 105.36815319263928 105.84358203617303 106.41190631316063 107.087302859135 107.88793870957862 108.837232727863 109.96563394638214 111.31315853670604 112.9330521586486 114.8971293344094 117.30359436188905 120.28841827715029 124.04135091127196 128.82632443825037 135.00000000000006 143.00293275697095 153.25308445197933 165.82981880754485 179.99999999999994 194.17018119245506 206.7469155480206 216.997067243029 225.00000000000003 231.1736755617496 235.958649088728 239.71158172284973 242.696405638111 245.10287066559061 247.06694784135138 248.68684146329394 250.03436605361782 251.162767272137 252.11206129042142
108.0 107.69477495558908 107.46301415236502 107.30040406736556 107.20398747680348 107.17203785051385 107.20398747680348 107.30040406736556 107.46301415236502 107.69477495558908 108.0 108.38454782111907 108.85608832280849 109.42446810068967 110.10220530453118 110.9051574478893 111.85342354779982 112.9725670872752 114.29528078091606 115.86365948991502 117.73230144770194 119.97250478386306 122.67781357523411 125.97094489252692 130.01130700549783 135.0 141.17367556174966 148.76827088136605 157.92317176214615 168.5141905068211 179.99999999999997 191.4858094931788 202.0768282378538 211.23172911863392 218.8263244382504 224.99999999999997 229.98869299450217 234.02905510747303 237.3221864247659 240.02749521613697 242.26769855229801 244.13634051008495 245.70471921908393 247.02743291272483 248.1465764522002
111.1598788763636 110.81004491324929 110.54412069758084 110.35739187987448 110.24661703041077 110.20990009365565 110.24661703041077 110.35739187987447 110.54412069758085 110.81004491324929 111.1598788763636 111.60000000000001 112.13871429263445 112.786615554175 113.55706353627352 114.46681538756727 115.53685609025064 116.79348728327247 118.26974852172604 120.00725604396746 122.05853917804617 124.48990386989468 127.38468947285027 130.84636818810705 135.00000000000003 139.98869299450217 145.9586490887281 153.02317457814178 161.198129125397 170.3202898209142 179.99999999999997 189.67971017908573 198.80187087460294 206.97682542185817 214.04135091127196 220.0113070054978 224.99999999999994 229.15363181189292 232.61531052714972 235.51009613010532 237.94146082195383 239.9927439560325 241.7302514782739 243.2065127167275 244.46314390974936
114.11762529022491 113.72980156007505 113.434658277027 113.22723747156338 113.10411962375979 113.0633004482051 113.10411962375979 113.22723747156338 113.434658277027 113.72980156007505 114.11762529022491 114.60480798655219 115.2 115.91415818755031 116.76098272492503 117.75747985454403 118.9246793898107 120.28853932301777 121.88106848190527 123.7416844558054 125.9187828444593 128.47139582569676 131.47060929318906 135.00000000000003 139.153631811893 144.02905510747308 149.7115817228498 156.24617345799305 163.59757607762592 171.610943662361 179.99999999999997 188.38905633763895 196.40242392237403 203.7538265420069 210.28841827715024 215.97094489252686 220.84636818810696 224.99999999999994 228.52939070681097 231.52860417430324 234.08121715554068 236.25831554419457 238.11893151809466 239.7114606769822 241.0753206101893
116.86430181514604 116.44482304559745 116.12521320748608 115.90040465559254 115.7668910482921 115.72261291374718 115.7668910482921 115.90040465559254 116.12521320748611 116.44482304559745 116.86430181514604 117.39044598772999 118.03200901391125 118.79999999999998 119.70806502421465 120.77296479131856 122.01516218929363 123.45952929118792 125.13617130158556 127.08133727192629 129.3383307154094 131.95822542045337 135.0 138.52939070681097 142.61531052714975 147.32218642476587 152.69640563811097 158.74612016591394 165.4171752598068 172.57407858031397 180.0 187.42592141968603 194.58282474019316 201.253879834086 207.30359436188905 212.67781357523407 217.38468947285023 221.470609293189 225.00000000000003 228.04177457954663 230.6616692845906 232.9186627280737 234.8638286984144 236.54047070881208 237.98483781070635
119.39698147857531 118.95166706399269 118.61197680755296 118.37284032636643 118.2307381341107 118.18359869988447 118.2307381341107 118.37284032636643 118.61197680755296 118.95166706399269 119.39698147857531 119.95469048370552 120.63346480187049 121.44413263816611 122.39999999999999 123.51723923752193 124.81534712006584 126.31766499063427 128.05193585637656 130.0508402809434 132.35239482444882 135.0 138.04177457954663 141.52860417430324 145.51009613010535 150.02749521613694 155.10287066559064 160.72501235380878 166.83485110898633 173.31631341749406 180.0 186.6836865825059 193.16514889101364 199.2749876461912 204.89712933440939 209.972504783863 214.48990386989462 218.47139582569673 221.9582254204534 225.0 227.64760517555115 229.9491597190566 231.9480641436234 233.68233500936572 235.18465287993413
121.71747441146103 121.25149423152277 120.89563906685467 120.6449158306685 120.49584777850714 120.44638431706524 120.49584777850714 120.6449158306685 120.8956390668547 121.25149423152277 121.717474411461 122.30021826012448 123.00818077218256 123.8518480206207 124.84399714961174 126.0 127.33816273232503 128.88008261570525 130.65098354030206 132.679959087791 135.0 137.6476051755512 140.6616692845906 144.0812171555407 147.94146082195385 152.26769855229801 157.06694784135144 162.31812763212054 167.9631079372818 173.90246752860486 180.0 186.0975324713951 192.03689206271818 197.68187236787944 202.9330521586486 207.73230144770193 212.05853917804612 215.91878284445923 219.33833071540943 222.35239482444882 224.99999999999997 227.32004091220898 229.34901645969794 231.11991738429475 232.66183726767497
123.83107056573192 123.34889033409488 122.98026954358632 122.72034809515485 122.56573156242473 122.51441391617145 122.56573156242473 122.72034809515485 122.98026954358632 123.34889033409488 123.83107056573189 124.43324537728532 125.16356696611659 126.03207890118897 127.05092027380422 128.23455319339288 129.6 131.1670646072841 132.95849319765762 135.0 137.320040912209 139.9491597190566 142.9186627280737 146.25831554419463 149.99274395603257 154.13634051008495 158.686841463294 163.6184293169675 168.87614581665747 174.3741332526972 180.0 185.62586674730278 191.12385418334247 196.38157068303246 201.31315853670606 205.863659489915 210.0072560439674 213.74168445580534 217.08133727192632 220.0508402809434 222.67995908779096 224.99999999999997 227.04150680234238 228.83293539271588 230.4
125.74541207810022 125.25079709830464 124.87229192075662 124.60520457324239 124.4462485778922 124.39347801723164 124.4462485778922 124.60520457324239 124.87229192075662 125.25079709830464 125.74541207810022 126.36232497368817 127.10933541801282 127.99599220840639 129.03374804701744 130.23612159530646 131.61884957863424 133.2 135.0 137.0415068023424 139.34901645969794 141.94806414362347 144.86382869841444 148.11893151809477 151.73025147827397 155.70471921908393 160.03436605361787 164.69140200861403 169.62467154543754 174.75917333919259 180.0 185.2408266608074 190.37532845456244 195.3085979913859 199.96563394638216 204.29528078091604 208.269748521726 211.88106848190523 215.1361713015856 218.05193585637656 220.65098354030204 222.9584931976576 224.99999999999997 226.79999999999998 228.38115042136576
127.46955034285861 126.96560757909921 126.57960871681198 126.30704860833231 126.14476305681114 126.09087520491288 126.14476305681114 126.30704860833231 126.57960871681198 126.96560757909921 127.46955034285861 128.0973567781429 128.85645286363894 129.7558762964063 130.80638889815353 132.02058408782523 133.41297025016976 135.0 136.79999999999998 138.8329353927159 141.11991738429475 143.68233500936574 146.54047070881208 149.71146067698226 153.20651271672753 157.0274329127248 161.16276727213705 165.58422257404146 170.24438770638486 175.07691611200445 180.0 184.92308388799555 189.75561229361512 194.41577742595848 198.837232727863 202.97256708727517 206.79348728327244 210.28853932301774 213.45952929118795 216.31766499063426 218.88008261570525 221.1670646072841 223.19999999999996 225.0 226.58702974983026
129.01320021503471 128.50244214834402 128.11089447855372 127.83424500726014 127.66945739698916 127.6147276416254 127.66945739698916 127.83424500726014 128.11089447855372 128.50244214834402 129.01320021503471 129.64881545017076 130.41634010398337 131.32430995752105 132.3828213065357 133.60359390857036 135.0 136.58702974983024 138.38115042136576 140.4 142.66183726767497 145.18465287993416 147.98483781070635 151.07532061018932 154.4631439097494 158.14657645220018 162.11206129042142 166.33155912585826 170.76107025347216 175.3411579582037 180.0 184.65884204179628 189.23892974652784 193.6684408741417 197.88793870957863 201.8534235477998 205.53685609025058 208.92467938981065 212.01516218929368 214.81534712006587 217.33816273232503 219.59999999999997 221.61884957863424 223.41297025016974 225.0
130.38617755919677 129.87059559979593 129.47505096424075 129.1954212933475 129.0287971648304 128.97344733686566 129.0287971648304 129.1954212933475 129.47505096424075 129.87059559979593 130.38617755919677 131.02717795374974 131.80028994368664 132.71357377777076 133.77650466455546 135.0 136.39640609142964 137.97941591217474 139.76387840469351 141.76544680660712 144.0 146.48276076247805 149.22703520868143 152.24252014545598 155.53318461243273 159.0948425521107 162.91269714086502 166.95932621747113 171.19372100496182 175.5619796105354 180.0 184.43802038946458 188.80627899503816 193.0406737825288 197.08730285913498 200.90515744788928 204.46681538756724 207.757479854544 210.7729647913186 213.51723923752198 216.0 218.23455319339286 220.23612159530646 222.02058408782523 223.60359390857036
131.59799336382665 131.0791325798016 130.68080438305128 130.3990666200437 130.2311311559683 130.1753366129227 130.2311311559683 130.3990666200437 130.68080438305128 131.0791325798016 131.59799336382665 132.24251779756705 133.01906440157927 133.93525520004863 135.0 136.2234953354445 137.6171786934643 139.19361110184644 140.96625195298256 142.94907972619578 145.15600285038826 147.60000000000002 150.29193497578535 153.23901727507496 156.44293646372648 159.8977946954688 163.58809368683941 167.48717316771243 171.55658948903675 175.7468877683223 180.0 184.25311223167768 188.44341051096322 192.51282683228754 196.4119063131606 200.10220530453117 203.5570635362735 206.76098272492501 209.70806502421468 212.4 214.8439971496117 217.0509202738042 219.0337480470174 220.80638889815353 222.3828213065357
132.65757364144216 132.1366037857529 131.73641948967398 131.45324474901926 131.28440384997194 131.22830040876119 131.28440384997194 131.45324474901926 131.73641948967398 132.1366037857529 132.65757364144216 133.30423112548183 134.08263074187482 135.0 136.06474479995137 137.2864262222292 138.67569004247895 140.2441237035937 142.0040077915936 143.96792109881102 146.14815197937932 148.55586736183392 151.20000000000002 154.08584181244973 157.21338444582503 160.57553189931033 164.15641796382698 167.93016835225436 171.86050662843826 175.90155625804059 180.0 184.0984437419594 188.1394933715617 192.06983164774562 195.84358203617302 199.42446810068967 202.78661555417494 205.91415818755024 208.8 211.4441326381661 213.85184802062068 216.03207890118895 217.99599220840636 219.7558762964063 221.32430995752105
133.57307561124455 133.05085579692732 132.64950516368745 132.36539694133376 132.19595682228947 132.13964722061212 132.19595682228947 132.36539694133376 132.64950516368748 133.05085579692732 133.57307561124455 134.22086211475133 135.0 135.91736925812518 136.98093559842073 138.19971005631336 139.5836598960166 141.1435471363611 142.89066458198718 144.8364330338834 146.99181922781744 149.36653519812953 151.96799098608875 154.80000000000004 157.86128570736557 161.1439116771915 164.63184680736072 168.29996113472768 172.1137859673307 176.0303205174615 180.0 183.96967948253848 187.88621403266927 191.70003886527232 195.36815319263928 198.8560883228085 202.1387142926344 205.19999999999996 208.03200901391128 210.6334648018705 213.00818077218253 215.1635669661166 217.1093354180128 218.8564528636389 220.41634010398337
134.35177450249913 133.8289104894885 133.426888651254 133.1422127974212 132.97239765676983 132.91595739055097 132.97239765676983 133.1422127974212 133.426888651254 133.8289104894885 134.35177450249913 135.0 135.77913788524867 136.6957688745182 137.75748220243295 138.97282204625023 140.35118454982924 141.9026432218571 143.63767502631183 145.56675462271468 147.69978173987553 150.04530951629448 152.60955401227002 155.39519201344785 158.4 161.6154521788809 165.02547176211934 168.6055966160761 172.3228451164844 176.13651506496544 180.0 183.86348493503453 187.67715488351558 191.39440338392387 194.9745282378807 198.38454782111907 201.59999999999997 204.60480798655212 207.39044598773003 209.95469048370552 212.30021826012447 214.4332453772853 216.36232497368815 218.09735677814288 219.64881545017076
135.0 134.47689408188796 134.07453931062767 133.78955045263388 133.6195181030592 133.5630005995731 133.6195181030592 133.78955045263385 134.0745393106277 134.47689408188796 135.0 135.64822549750087 136.42692438875545 137.34242635855784 138.40200663617335 139.61382244080323 140.98679978496529 142.53044965714136 144.25458792189977 146.1689294342681 148.28252558853896 150.60301852142467 153.13569818485396 155.88237470977512 158.8401211236364 162.0 165.34595387062927 168.85409442270307 172.4926412361126 176.22270800180763 180.0 183.77729199819237 187.50735876388737 191.14590557729687 194.65404612937073 198.0 201.15987887636356 204.11762529022488 206.86430181514604 209.39698147857533 211.71747441146098 213.8310705657319 215.7454120781002 217.4695503428586 219.01320021503471
135.52310591811204 135.0 134.59752653136673 134.31239114617708 134.14224670692937 134.08568786349846 134.14224670692937 134.31239114617708 134.59752653136673 135.0 135.52310591811204 136.1710895105115 136.94914420307268 137.86339621424713 138.9208674201984 140.12940440020407 141.49755785165598 143.0343924209008 144.74920290169536 146.65110966590512 148.74850576847723 151.04833293600734 153.55517695440255 156.27019843992497 159.18995508675076 162.30522504441092 165.60000000000002 169.05086347510158 172.6269796558924 176.29086606347985 180.0 183.70913393652012 187.37302034410757 190.94913652489842 194.4 197.69477495558908 200.81004491324924 203.72980156007503 206.44482304559747 208.9516670639927 211.25149423152274 213.34889033409488 215.2507970983046 216.96560757909918 218.50244214834402
135.92546068937233 135.40247346863327 135.0 134.7148165339754 134.54462440550108 134.4880465645711 134.54462440550108 134.7148165339754 135.0 135.40247346863327 135.9254606893723 136.573111348746 137.35049483631255 138.26358051032602 139.31919561694872 140.52494903575922 141.88910552144625 143.42039128318802 145.12770807924338 147.0197304564137 149.10436093314533 151.38802319244706 153.8747867925139 156.56534172297305 159.45587930241916 162.53698584763498 165.7927092686115 169.20000000000002 172.72873362769707 176.342471492202 180.0 183.65752850779796 187.2712663723029 190.79999999999998 194.2072907313885 197.463014152365 200.5441206975808 203.43465827702693 206.12521320748613 208.611976807553 210.89563906685464 212.9802695435863 214.87229192075657 216.57960871681195 218.11089447855372
136.21044954736615 135.68760885382292 135.28518346602462 135.0 134.82979440530735 134.77320985831508 134.82979440530735 135.0 135.28518346602462 135.68760885382292 136.21044954736615 136.8577872025788 137.63460305866624 138.54675525098074 139.6009333799563 140.8045787066525 142.1657549927399 143.6929513916677 145.3947954267576 147.27965190484517 149.35508416933155 151.6271596736336 154.09959534440748 156.77276252843663 159.64260812012554 162.69959593263445 165.92782263893736 169.30450017021167 172.79999999999998 176.37860446307013 180.0 183.6213955369298 187.20000000000002 190.69549982978833 194.0721773610627 197.30040406736552 200.35739187987446 203.22723747156334 205.90040465559255 208.37284032636643 210.64491583066845 212.72034809515483 214.60520457324236 216.30704860833228 217.83424500726014
