test/standards/AN_aspect_gs_Synth.asc
ncols         101
nrows         101
xllcorner     0.0
yllcorner     0.0
cellsize      1
NODATA_value  -9999.
[rows 0 to 19 of 101, columns 45 to 89 of 101]
136.3804818969408 135.85775329307063 135.4553755944989 135.17020559469265 135.0 134.94341412228079 135.0 135.17020559469265 135.4553755944989 135.85775329307063 136.3804818969408 137.0276023432302 137.80404317771053 138.7155961500281 139.76886884403166 140.97120283516958 142.33054260301083 143.85523694318886 145.5537514221078 147.4342684375753 149.50415222149286 151.7692618658893 154.23310895170792 156.89588037624023 159.7533829695892 162.7960125231965 166.00789813645102 169.3664082655973 172.8422070833672 176.4 180.0 183.59999999999997 187.1577929166328 190.63359173440267 193.992101863549 197.2039874768035 200.24661703041076 203.10411962375974 205.76689104829208 208.2307381341107 210.4958477785071 212.5657315624247 214.44624857789216 216.14476305681114 217.66945739698917
136.4369994004269 135.91431213650156 135.51195343542892 135.22679014168492 135.05658587771924 135.0 135.05658587771924 135.22679014168492 135.51195343542892 135.91431213650154 136.4369994004269 137.08404260944903 137.86035277938788 138.77169959123881 139.8246633870773 141.02655266313434 142.3852723583746 143.9091247950871 145.60652198276836 147.48558608382857 149.55361568293475 151.81640130011556 154.27738708625282 156.93669955179493 159.79009990634438 162.82796214948615 166.03442669164488 169.38691408908747 172.85618528249685 176.40708515110717 180.0 183.59291484889283 187.14381471750315 190.6130859109125 193.96557330835515 197.17203785051382 200.20990009365562 203.06330044820504 205.72261291374718 208.18359869988447 210.44638431706522 212.51441391617143 214.39347801723162 216.09087520491286 217.6147276416254
136.3804818969408 135.85775329307063 135.4553755944989 135.17020559469265 135.0 134.94341412228079 135.0 135.17020559469265 135.4553755944989 135.85775329307063 136.3804818969408 137.0276023432302 137.80404317771053 138.7155961500281 139.76886884403166 140.97120283516958 142.33054260301083 143.85523694318886 145.5537514221078 147.4342684375753 149.50415222149286 151.7692618658893 154.23310895170792 156.89588037624023 159.7533829695892 162.7960125231965 166.00789813645102 169.3664082655973 172.8422070833672 176.4 180.0 183.59999999999997 187.1577929166328 190.63359173440267 193.992101863549 197.2039874768035 200.24661703041076 203.10411962375974 205.76689104829208 208.2307381341107 210.4958477785071 212.5657315624247 214.44624857789216 216.14476305681114 217.66945739698917
136.21044954736615 135.68760885382292 135.2851834660246 135.0 134.82979440530735 134.77320985831508 134.82979440530735 135.0 135.28518346602462 135.68760885382292 136.21044954736615 136.8577872025788 137.63460305866624 138.54675525098074 139.6009333799563 140.8045787066525 142.16575499273986 143.6929513916677 145.3947954267576 147.27965190484517 149.35508416933155 151.6271596736336 154.09959534440748 156.77276252843663 159.64260812012554 162.69959593263445 165.92782263893733 169.30450017021164 172.79999999999998 176.37860446307013 180.0 183.6213955369298 187.20000000000002 190.69549982978833 194.0721773610627 197.30040406736552 200.35739187987446 203.22723747156334 205.90040465559255 208.37284032636643 210.64491583066845 212.72034809515483 214.60520457324236 216.3070486083323 217.83424500726014
135.92546068937233 135.40247346863327 135.0 134.7148165339754 134.54462440550108 134.4880465645711 134.54462440550108 134.7148165339754 135.0 135.40247346863327 135.9254606893723 136.573111348746 137.35049483631255 138.26358051032602 139.31919561694872 140.52494903575922 141.88910552144625 143.42039128318802 145.12770807924338 147.0197304564137 149.10436093314533 151.38802319244706 153.8747867925139 156.56534172297305 159.45587930241916 162.53698584763498 165.7927092686115 169.20000000000002 172.72873362769707 176.342471492202 180.0 183.65752850779796 187.2712663723029 190.79999999999998 194.2072907313885 197.463014152365 200.5441206975808 203.43465827702693 206.12521320748613 208.611976807553 210.89563906685464 212.9802695435863 214.87229192075657 216.57960871681195 218.11089447855372
135.52310591811204 135.0 134.59752653136673 134.31239114617708 134.14224670692937 134.08568786349846 134.14224670692937 134.31239114617708 134.59752653136673 135.0 135.52310591811204 136.1710895105115 136.94914420307268 137.86339621424713 138.9208674201984 140.12940440020407 141.49755785165598 143.0343924209008 144.74920290169536 146.65110966590512 148.74850576847723 151.04833293600734 153.55517695440255 156.27019843992497 159.18995508675076 162.30522504441092 165.60000000000002 169.05086347510158 172.6269796558924 176.29086606347985 180.0 183.70913393652012 187.37302034410757 190.94913652489842 194.4 197.69477495558908 200.81004491324924 203.72980156007503 206.44482304559747 208.9516670639927 211.25149423152274 213.34889033409488 215.2507970983046 216.96560757909918 218.50244214834402
135.0 134.47689408188796 134.07453931062767 133.78955045263388 133.6195181030592 133.5630005995731 133.6195181030592 133.78955045263385 134.0745393106277 134.47689408188796 135.0 135.64822549750087 136.42692438875545 137.34242635855784 138.40200663617335 139.61382244080323 140.98679978496529 142.53044965714136 144.25458792189977 146.1689294342681 148.28252558853896 150.60301852142467 153.13569818485396 155.88237470977512 158.8401211236364 162.0 165.34595387062927 168.85409442270307 172.4926412361126 176.22270800180763 180.0 183.77729199819237 187.50735876388737 191.14590557729687 194.65404612937073 198.0 201.15987887636356 204.11762529022488 206.86430181514604 209.39698147857533 211.71747441146098 213.8310705657319 215.7454120781002 217.4695503428586 219.01320021503471
134.35177450249913 133.8289104894885 133.426888651254 133.1422127974212 132.97239765676983 132.91595739055097 132.97239765676983 133.1422127974212 133.426888651254 133.8289104894885 134.35177450249913 135.0 135.77913788524867 136.6957688745182 137.75748220243295 138.97282204625023 140.35118454982924 141.9026432218571 143.63767502631183 145.56675462271468 147.69978173987553 150.04530951629448 152.60955401227002 155.39519201344785 158.4 161.6154521788809 165.02547176211934 168.6055966160761 172.3228451164844 176.13651506496544 180.0 183.86348493503453 187.67715488351558 191.39440338392387 194.9745282378807 198.38454782111907 201.59999999999997 204.60480798655212 207.39044598773003 209.95469048370552 212.30021826012447 214.4332453772853 216.36232497368815 218.09735677814288 219.64881545017076
133.57307561124455 133.05085579692732 132.64950516368745 132.36539694133376 132.19595682228947 132.13964722061212 132.19595682228947 132.36539694133373 132.64950516368745 133.05085579692732 133.57307561124455 134.22086211475133 135.0 135.91736925812518 136.98093559842073 138.19971005631336 139.5836598960166 141.14354713636106 142.89066458198718 144.83643303388337 146.99181922781744 149.3665351981295 151.96799098608875 154.8 157.86128570736557 161.1439116771915 164.63184680736072 168.29996113472765 172.1137859673307 176.0303205174615 180.0 183.96967948253848 187.88621403266927 191.70003886527232 195.3681531926393 198.8560883228085 202.1387142926344 205.19999999999996 208.03200901391128 210.6334648018705 213.00818077218253 215.1635669661166 217.1093354180128 218.8564528636389 220.41634010398337
132.65757364144216 132.13660378575287 131.73641948967398 131.45324474901926 131.2844038499719 131.22830040876119 131.2844038499719 131.45324474901926 131.73641948967398 132.13660378575287 132.65757364144216 133.3042311254818 134.08263074187482 135.0 136.06474479995134 137.2864262222292 138.67569004247895 140.2441237035937 142.0040077915936 143.96792109881102 146.1481519793793 148.5558673618339 151.20000000000002 154.08584181244973 157.213384445825 160.57553189931033 164.15641796382698 167.93016835225436 171.86050662843823 175.90155625804059 180.0 184.0984437419594 188.1394933715617 192.06983164774564 195.84358203617302 199.42446810068967 202.78661555417497 205.91415818755024 208.80000000000004 211.4441326381661 213.85184802062068 216.03207890118898 217.99599220840636 219.7558762964063 221.32430995752105
131.59799336382662 131.0791325798016 130.68080438305125 130.39906662004367 130.2311311559683 130.17533661292268 130.2311311559683 130.39906662004367 130.68080438305125 131.0791325798016 131.59799336382662 132.24251779756705 133.01906440157924 133.93525520004863 135.0 136.2234953354445 137.61717869346427 139.19361110184644 140.96625195298256 142.94907972619575 145.15600285038826 147.6 150.29193497578535 153.23901727507496 156.44293646372648 159.8977946954688 163.58809368683941 167.48717316771243 171.55658948903675 175.7468877683223 180.0 184.25311223167768 188.44341051096322 192.51282683228757 196.4119063131606 200.10220530453117 203.5570635362735 206.76098272492501 209.7080650242147 212.4 214.8439971496117 217.05092027380422 219.03374804701744 220.80638889815353 222.38282130653573
130.38617755919677 129.87059559979593 129.47505096424075 129.1954212933475 129.0287971648304 128.97344733686566 129.0287971648304 129.1954212933475 129.47505096424075 129.87059559979593 130.38617755919677 131.02717795374974 131.80028994368664 132.71357377777076 133.77650466455546 135.0 136.39640609142964 137.97941591217474 139.76387840469351 141.76544680660712 144.0 146.48276076247805 149.22703520868143 152.24252014545598 155.53318461243273 159.0948425521107 162.91269714086502 166.95932621747113 171.19372100496182 175.5619796105354 180.0 184.43802038946458 188.80627899503816 193.0406737825288 197.08730285913498 200.90515744788928 204.46681538756724 207.757479854544 210.7729647913186 213.51723923752198 216.0 218.23455319339286 220.23612159530646 222.02058408782523 223.60359390857036
129.01320021503471 128.50244214834402 128.11089447855372 127.83424500726014 127.66945739698919 127.6147276416254 127.66945739698919 127.83424500726014 128.11089447855372 128.50244214834402 129.01320021503471 129.64881545017076 130.41634010398337 131.32430995752105 132.3828213065357 133.60359390857036 135.0 136.58702974983024 138.38115042136576 140.4 142.66183726767497 145.1846528799342 147.98483781070635 151.07532061018932 154.4631439097494 158.14657645220018 162.11206129042142 166.33155912585826 170.76107025347216 175.3411579582037 180.0 184.65884204179628 189.23892974652784 193.6684408741417 197.8879387095786 201.8534235477998 205.53685609025058 208.92467938981065 212.01516218929368 214.81534712006584 217.33816273232503 219.59999999999997 221.61884957863424 223.41297025016974 225.0
127.46955034285861 126.96560757909918 126.57960871681196 126.30704860833231 126.14476305681114 126.09087520491288 126.14476305681114 126.30704860833231 126.57960871681198 126.96560757909918 127.46955034285861 128.09735677814288 128.8564528636389 129.7558762964063 130.80638889815353 132.0205840878252 133.41297025016974 135.0 136.79999999999998 138.83293539271588 141.11991738429475 143.68233500936574 146.54047070881208 149.71146067698226 153.20651271672753 157.0274329127248 161.16276727213702 165.58422257404146 170.24438770638486 175.07691611200445 180.0 184.92308388799555 189.75561229361512 194.41577742595848 198.837232727863 202.97256708727517 206.79348728327244 210.28853932301774 213.45952929118798 216.31766499063428 218.88008261570525 221.1670646072841 223.2 225.0 226.58702974983026
125.74541207810022 125.25079709830463 124.87229192075658 124.60520457324236 124.44624857789218 124.39347801723162 124.44624857789218 124.60520457324236 124.87229192075661 125.2507970983046 125.74541207810022 126.36232497368815 127.10933541801279 127.99599220840636 129.0337480470174 130.23612159530643 131.61884957863424 133.19999999999996 134.99999999999997 137.04150680234238 139.34901645969794 141.94806414362344 144.8638286984144 148.1189315180947 151.73025147827394 155.70471921908393 160.03436605361787 164.69140200861403 169.62467154543754 174.75917333919259 180.0 185.2408266608074 190.37532845456244 195.30859799138594 199.96563394638218 204.29528078091607 208.26974852172603 211.88106848190523 215.13617130158562 218.0519358563766 220.65098354030206 222.95849319765762 225.0 226.8 228.38115042136576
123.83107056573189 123.34889033409488 122.98026954358629 122.72034809515482 122.56573156242472 122.51441391617143 122.56573156242472 122.72034809515482 122.98026954358629 123.34889033409488 123.83107056573186 124.43324537728529 125.16356696611659 126.03207890118897 127.0509202738042 128.23455319339286 129.59999999999997 131.1670646072841 132.9584931976576 135.0 137.32004091220898 139.9491597190566 142.91866272807368 146.25831554419463 149.99274395603257 154.13634051008495 158.68684146329397 163.6184293169675 168.87614581665747 174.3741332526972 180.0 185.6258667473028 191.12385418334247 196.38157068303246 201.31315853670606 205.86365948991502 210.00725604396743 213.74168445580537 217.08133727192634 220.05084028094342 222.679959087791 225.0 227.04150680234238 228.8329353927159 230.4
121.717474411461 121.25149423152274 120.89563906685467 120.64491583066847 120.49584777850711 120.44638431706521 120.49584777850711 120.64491583066847 120.89563906685467 121.25149423152274 121.717474411461 122.30021826012447 123.00818077218253 123.8518480206207 124.84399714961171 125.99999999999997 127.33816273232503 128.88008261570522 130.65098354030204 132.679959087791 135.0 137.64760517555118 140.6616692845906 144.0812171555407 147.94146082195383 152.26769855229801 157.06694784135144 162.31812763212054 167.96310793728176 173.90246752860486 180.0 186.0975324713951 192.03689206271818 197.68187236787944 202.93305215864862 207.73230144770196 212.05853917804615 215.91878284445926 219.33833071540943 222.35239482444885 225.0 227.320040912209 229.34901645969794 231.11991738429475 232.66183726767497
119.39698147857534 118.95166706399269 118.61197680755299 118.37284032636643 118.2307381341107 118.18359869988447 118.2307381341107 118.37284032636643 118.61197680755299 118.95166706399269 119.39698147857534 119.95469048370552 120.63346480187049 121.44413263816611 122.40000000000002 123.51723923752196 124.81534712006585 126.31766499063427 128.05193585637656 130.05084028094342 132.35239482444885 135.00000000000003 138.04177457954663 141.52860417430327 145.51009613010538 150.02749521613697 155.10287066559064 160.7250123538088 166.83485110898633 173.31631341749406 180.0 186.6836865825059 193.16514889101364 199.2749876461912 204.89712933440936 209.972504783863 214.48990386989462 218.4713958256967 221.9582254204534 225.0 227.64760517555115 229.94915971905655 231.9480641436234 233.68233500936572 235.18465287993413
116.86430181514605 116.44482304559747 116.12521320748614 115.90040465559255 115.76689104829211 115.7226129137472 115.76689104829211 115.90040465559255 116.12521320748614 116.44482304559747 116.86430181514605 117.39044598773002 118.03200901391128 118.80000000000004 119.70806502421468 120.77296479131859 122.01516218929369 123.45952929118795 125.13617130158559 127.08133727192632 129.33833071540943 131.9582254204534 135.00000000000003 138.52939070681103 142.61531052714977 147.3221864247659 152.696405638111 158.746120165914 165.41717525980684 172.57407858031397 180.0 187.425921419686 194.58282474019313 201.25387983408598 207.30359436188905 212.67781357523407 217.3846894728502 221.47060929318897 225.0 228.0417745795466 230.66166928459054 232.91866272807366 234.86382869841435 236.54047070881202 237.98483781070632
114.11762529022488 113.729801560075 113.43465827702697 113.22723747156333 113.10411962375976 113.06330044820506 113.10411962375976 113.22723747156333 113.43465827702697 113.729801560075 114.11762529022488 114.60480798655213 115.19999999999996 115.91415818755026 116.760982724925 117.75747985454399 118.92467938981065 120.28853932301774 121.88106848190523 123.74168445580534 125.91878284445923 128.47139582569673 131.47060929318897 134.99999999999997 139.15363181189295 144.02905510747303 149.71158172284976 156.24617345799302 163.5975760776259 171.610943662361 179.99999999999997 188.38905633763895 196.40242392237406 203.75382654200695 210.2884182771503 215.97094489252692 220.846368188107 225.0 228.52939070681103 231.52860417430327 234.0812171555407 236.25831554419463 238.11893151809477 239.71146067698226 241.07532061018935
