test/standards/AN_aspect_gs_Synth.asc
ncols         101
nrows         101
xllcorner     0.0
yllcorner     0.0
cellsize      1
NODATA_value  -9999.
[rows 80 to 99 of 101, columns 0 to 44 of 101]
256.03442669164485 256.00789813645105 255.9278226389373 255.7927092686115 255.59999999999997 255.34595387062927 255.0254717621193 254.63184680736072 254.15641796382695 253.5880936868394 252.91269714086502 252.11206129042137 251.162767272137 250.03436605361787 248.68684146329394 247.06694784135144 245.10287066559061 242.69640563811095 239.71158172284976 235.95864908872807 231.1736755617496 225.0 216.99706724302905 206.74691554802064 194.17018119245523 180.0 165.82981880754483 153.25308445197942 143.00293275697095 135.0 128.8263244382504 124.04135091127196 120.28841827715023 117.30359436188905 114.89712933440937 112.9330521586486 111.31315853670604 109.96563394638214 108.83723272786301 107.88793870957862 107.087302859135 106.41190631316063 105.84358203617303 105.3681531926393 104.97452823788068
252.82796214948615 252.7960125231965 252.69959593263445 252.536985847635 252.30522504441092 252.0 251.6154521788809 251.1439116771915 250.57553189931033 249.8977946954688 249.0948425521107 248.14657645220015 247.02743291272483 245.70471921908393 244.13634051008495 242.26769855229801 240.02749521613694 237.32218642476587 234.02905510747308 229.98869299450217 225.0 218.82632443825037 211.23172911863398 202.07682823785382 191.48580949317895 180.0 168.51419050682108 157.92317176214624 148.76827088136605 141.1736755617496 135.00000000000003 130.01130700549783 125.97094489252689 122.67781357523411 119.97250478386302 117.73230144770197 115.86365948991502 114.29528078091606 112.97256708727521 111.85342354779982 110.90515744788931 110.1022053045312 109.42446810068967 108.8560883228085 108.38454782111909
249.79009990634435 249.7533829695892 249.64260812012552 249.45587930241916 249.1899550867507 248.84012112363638 248.4 247.86128570736557 247.213384445825 246.44293646372648 245.5331846124327 244.46314390974936 243.2065127167275 241.7302514782739 239.99274395603257 237.94146082195383 235.51009613010532 232.61531052714972 229.153631811893 225.0 220.0113070054978 214.04135091127193 206.97682542185822 198.801870874603 189.67971017908584 180.0 170.32028982091418 161.19812912539706 153.02317457814178 145.95864908872804 139.9886929945022 135.00000000000003 130.846368188107 127.38468947285027 124.48990386989468 122.05853917804617 120.00725604396743 118.26974852172604 116.7934872832725 115.53685609025064 114.46681538756728 113.55706353627352 112.786615554175 112.13871429263445 111.60000000000001
246.9366995517949 246.89588037624017 246.77276252843663 246.56534172297302 246.27019843992494 245.88237470977506 245.39519201344783 244.79999999999998 244.0858418124497 243.23901727507496 242.24252014545596 241.0753206101893 239.7114606769822 238.1189315180947 236.25831554419457 234.0812171555407 231.52860417430324 228.52939070681094 225.0 220.846368188107 215.9709448925269 210.28841827715024 203.75382654200695 196.40242392237406 188.38905633763903 180.0 171.610943662361 163.59757607762597 156.24617345799305 149.71158172284976 144.02905510747314 139.153631811893 135.0 131.47060929318903 128.47139582569676 125.9187828444593 123.7416844558054 121.88106848190527 120.28853932301779 118.92467938981072 117.75747985454403 116.76098272492506 115.91415818755031 115.2 114.60480798655219
244.27738708625282 244.23310895170792 244.0995953444075 243.8747867925139 243.55517695440255 243.13569818485396 242.60955401227002 241.96799098608875 241.20000000000002 240.29193497578535 239.22703520868143 237.98483781070635 236.54047070881208 234.8638286984144 232.9186627280737 230.6616692845906 228.04177457954663 225.0 221.47060929318906 217.38468947285028 212.67781357523413 207.30359436188905 201.25387983408606 194.58282474019316 187.42592141968606 180.0 172.57407858031394 165.41717525980687 158.74612016591396 152.69640563811095 147.3221864247659 142.61531052714975 138.52939070681094 135.0 131.95822542045337 129.3383307154094 127.08133727192629 125.13617130158556 123.45952929118792 122.01516218929366 120.77296479131859 119.70806502421465 118.79999999999998 118.03200901391125 117.39044598773002
241.81640130011553 241.7692618658893 241.62715967363357 241.388023192447 241.0483329360073 240.60301852142467 240.04530951629448 239.3665351981295 238.5558673618339 237.59999999999997 236.48276076247805 235.18465287993413 233.68233500936572 231.94806414362347 229.9491597190566 227.64760517555118 225.0 221.95822542045337 218.47139582569676 214.48990386989468 209.97250478386303 204.89712933440936 199.27498764619122 193.16514889101367 186.68368658250597 180.0 173.31631341749403 166.83485110898638 160.72501235380878 155.10287066559061 150.027495216137 145.51009613010535 141.52860417430324 138.0417745795466 135.0 132.35239482444885 130.0508402809434 128.05193585637656 126.3176649906343 124.81534712006585 123.51723923752196 122.39999999999999 121.44413263816611 120.63346480187049 119.95469048370552
239.55361568293478 239.50415222149286 239.35508416933152 239.1043609331453 238.7485057684772 238.28252558853896 237.69978173987553 236.99181922781744 236.14815197937932 235.15600285038826 234.0 232.66183726767497 231.11991738429475 229.34901645969794 227.320040912209 225.0 222.35239482444882 219.33833071540937 215.9187828444593 212.05853917804617 207.73230144770196 202.93305215864856 197.68187236787946 192.0368920627182 186.0975324713952 180.0 173.90246752860483 167.96310793728182 162.31812763212054 157.0669478413514 152.26769855229807 147.94146082195385 144.08121715554068 140.6616692845906 137.64760517555115 135.0 132.679959087791 130.65098354030206 128.88008261570528 127.33816273232503 126.0 124.84399714961174 123.8518480206207 123.00818077218256 122.30021826012448
237.48558608382857 237.43426843757524 237.27965190484517 237.0197304564137 236.65110966590512 236.16892943426808 235.56675462271468 234.8364330338834 233.96792109881102 232.94907972619575 231.7654468066071 230.4 228.8329353927159 227.04150680234238 225.0 222.679959087791 220.0508402809434 217.0813372719263 213.7416844558054 210.00725604396743 205.86365948991502 201.31315853670603 196.3815706830325 191.1238541833425 185.62586674730287 180.0 174.37413325269716 168.87614581665753 163.61842931696754 158.68684146329394 154.136340510085 149.99274395603257 146.2583155441946 142.9186627280737 139.9491597190566 137.320040912209 135.0 132.95849319765762 131.16706460728412 129.6 128.23455319339288 127.05092027380424 126.03207890118897 125.16356696611662 124.43324537728532
235.60652198276836 235.5537514221078 235.39479542675758 235.12770807924338 234.74920290169536 234.25458792189977 233.6376750263118 232.89066458198715 232.0040077915936 230.96625195298256 229.76387840469354 228.38115042136576 226.79999999999998 225.0 222.9584931976576 220.65098354030206 218.05193585637653 215.13617130158556 211.8810684819053 208.26974852172606 204.29528078091607 199.96563394638213 195.30859799138597 190.37532845456244 185.24082666080744 180.0 174.75917333919256 169.62467154543756 164.69140200861403 160.03436605361787 155.70471921908398 151.73025147827397 148.1189315180947 144.8638286984144 141.94806414362344 139.34901645969796 137.0415068023424 135.0 133.20000000000002 131.61884957863424 130.23612159530649 129.03374804701744 127.99599220840639 127.10933541801285 126.36232497368817
233.9091247950871 233.85523694318886 233.69295139166772 233.42039128318802 233.0343924209008 232.5304496571414 231.9026432218571 231.1435471363611 230.2441237035937 229.19361110184644 227.97941591217474 226.58702974983024 225.0 223.20000000000002 221.1670646072841 218.88008261570525 216.31766499063426 213.45952929118792 210.2885393230178 206.7934872832725 202.97256708727517 198.837232727863 194.41577742595854 189.75561229361512 184.9230838879956 180.0 175.07691611200443 170.24438770638488 165.58422257404146 161.162767272137 157.02743291272483 153.20651271672753 149.7114606769822 146.54047070881208 143.68233500936572 141.11991738429475 138.8329353927159 136.79999999999998 135.0 133.41297025016976 132.02058408782526 130.80638889815356 129.7558762964063 128.85645286363894 128.0973567781429
232.3852723583746 232.33054260301083 232.1657549927399 231.88910552144625 231.49755785165598 230.98679978496529 230.3511845498292 229.5836598960166 228.67569004247895 227.6171786934643 226.39640609142964 225.0 223.41297025016976 221.61884957863424 219.6 217.33816273232503 214.81534712006584 212.01516218929365 208.9246793898107 205.53685609025064 201.85342354779982 197.8879387095786 193.66844087414174 189.23892974652784 184.65884204179633 180.0 175.34115795820367 170.76107025347216 166.33155912585826 162.1120612904214 158.1465764522002 154.4631439097494 151.0753206101893 147.98483781070632 145.18465287993413 142.66183726767497 140.4 138.38115042136576 136.58702974983026 135.0 133.60359390857036 132.38282130653573 131.32430995752105 130.41634010398337 129.64881545017076
231.02655266313434 230.9712028351696 230.8045787066525 230.52494903575922 230.12940440020407 229.6138224408032 228.97282204625026 228.19971005631336 227.2864262222292 226.22349533544454 225.0 223.60359390857036 222.02058408782523 220.23612159530649 218.23455319339288 216.0 213.51723923752198 210.77296479131857 207.75747985454404 204.4668153875673 200.9051574478893 197.08730285913498 193.04067378252887 188.80627899503816 184.43802038946464 180.0 175.5619796105354 171.19372100496184 166.95932621747113 162.91269714086502 159.09484255211072 155.53318461243273 152.24252014545596 149.22703520868143 146.48276076247802 144.0 141.76544680660712 139.76387840469351 137.97941591217477 136.39640609142964 135.0 133.77650466455546 132.71357377777076 131.80028994368664 131.02717795374974
229.82466338707732 229.7688688440317 229.6009333799563 229.31919561694872 228.9208674201984 228.40200663617335 227.75748220243295 226.98093559842073 226.06474479995137 225.0 223.77650466455546 222.3828213065357 220.80638889815353 219.03374804701744 217.05092027380422 214.84399714961174 212.4 209.70806502421465 206.76098272492504 203.5570635362735 200.10220530453117 196.4119063131606 192.51282683228757 188.44341051096322 184.25311223167773 180.0 175.74688776832227 171.55658948903678 167.48717316771243 163.5880936868394 159.89779469546886 156.44293646372648 153.23901727507496 150.29193497578535 147.59999999999997 145.1560028503883 142.94907972619578 140.96625195298256 139.19361110184647 137.6171786934643 136.22349533544454 135.0 133.93525520004863 133.01906440157927 132.24251779756705
228.7716995912388 228.71559615002806 228.54675525098074 228.26358051032602 227.8633962142471 227.34242635855784 226.69576887451817 225.91736925812518 225.0 223.93525520004863 222.71357377777076 221.32430995752105 219.7558762964063 217.9959922084064 216.03207890118898 213.85184802062068 211.4441326381661 208.79999999999998 205.9141581875503 202.786615554175 199.42446810068967 195.84358203617302 192.06983164774564 188.13949337156174 184.09844374195941 180.0 175.90155625804059 171.8605066284383 167.93016835225436 164.15641796382698 160.57553189931036 157.21338444582503 154.0858418124497 151.20000000000002 148.5558673618339 146.14815197937932 143.96792109881102 142.0040077915936 140.2441237035937 138.67569004247895 137.2864262222292 136.0647447999514 135.0 134.08263074187482 133.30423112548183
227.86035277938788 227.80404317771053 227.63460305866624 227.35049483631255 226.94914420307268 226.42692438875545 225.77913788524867 225.0 224.08263074187482 223.01906440157927 221.80028994368664 220.41634010398337 218.8564528636389 217.10933541801282 215.1635669661166 213.00818077218256 210.6334648018705 208.03200901391125 205.20000000000002 202.13871429263443 198.8560883228085 195.36815319263928 191.70003886527235 187.8862140326693 183.96967948253854 180.0 176.03032051746146 172.11378596733073 168.29996113472768 164.63184680736072 161.1439116771915 157.86128570736557 154.79999999999998 151.96799098608875 149.3665351981295 146.99181922781747 144.8364330338834 142.89066458198718 141.1435471363611 139.5836598960166 138.19971005631336 136.98093559842076 135.91736925812518 135.0 134.22086211475133
227.08404260944903 227.02760234323017 226.8577872025788 226.573111348746 226.1710895105115 225.64822549750087 225.0 224.22086211475133 223.3042311254818 222.24251779756705 221.02717795374974 219.64881545017076 218.0973567781429 216.36232497368817 214.43324537728532 212.30021826012447 209.95469048370552 207.39044598772998 204.60480798655217 201.6 198.3845478211191 194.9745282378807 191.3944033839239 187.67715488351558 183.8634849350346 180.0 176.1365150649654 172.32284511648442 168.6055966160761 165.0254717621193 161.61545217888093 158.4 155.39519201344783 152.60955401227 150.04530951629448 147.69978173987553 145.56675462271468 143.63767502631183 141.90264322185712 140.35118454982924 138.97282204625026 137.75748220243295 136.6957688745182 135.77913788524867 135.0
226.4369994004269 226.3804818969408 226.21044954736615 225.92546068937233 225.52310591811204 225.0 224.35177450249913 223.57307561124455 222.65757364144216 221.59799336382665 220.38617755919677 219.01320021503471 217.4695503428586 215.7454120781002 213.8310705657319 211.71747441146104 209.39698147857533 206.86430181514604 204.11762529022494 201.15987887636362 198.0 194.65404612937073 191.14590557729693 187.50735876388737 183.77729199819242 180.0 176.2227080018076 172.4926412361126 168.85409442270307 165.34595387062927 162.00000000000003 158.8401211236364 155.88237470977506 153.13569818485396 150.60301852142467 148.282525588539 146.1689294342681 144.25458792189977 142.5304496571414 140.98679978496529 139.61382244080323 138.40200663617338 137.34242635855784 136.42692438875545 135.64822549750087
225.91431213650154 225.85775329307063 225.68760885382292 225.40247346863327 225.0 224.47689408188796 223.8289104894885 223.05085579692732 222.1366037857529 221.0791325798016 219.87059559979593 218.50244214834402 216.9656075790992 215.25079709830464 213.34889033409488 211.25149423152277 208.9516670639927 206.44482304559745 203.72980156007503 200.81004491324927 197.69477495558908 194.4 190.94913652489842 187.3730203441076 183.70913393652015 180.0 176.29086606347985 172.62697965589243 169.05086347510158 165.6 162.30522504441092 159.18995508675076 156.27019843992494 153.55517695440255 151.0483329360073 148.74850576847726 146.65110966590512 144.74920290169536 143.03439242090082 141.49755785165598 140.12940440020407 138.9208674201984 137.8633962142471 136.94914420307268 136.1710895105115
225.5119534354289 225.4553755944989 225.2851834660246 225.0 224.59752653136673 224.07453931062767 223.426888651254 222.64950516368745 221.73641948967398 220.68080438305128 219.47505096424075 218.11089447855372 216.57960871681198 214.87229192075662 212.9802695435863 210.89563906685467 208.61197680755296 206.1252132074861 203.43465827702698 200.54412069758084 197.46301415236502 194.2072907313885 190.79999999999998 187.27126637230293 183.65752850779802 180.0 176.34247149220198 172.7287336276971 169.20000000000002 165.7927092686115 162.536985847635 159.45587930241916 156.56534172297302 153.8747867925139 151.388023192447 149.10436093314533 147.0197304564137 145.12770807924338 143.42039128318805 141.88910552144625 140.52494903575925 139.31919561694875 138.26358051032602 137.35049483631255 136.57311134874604
225.22679014168492 225.17020559469265 225.0 224.71481653397538 224.31239114617708 223.78955045263385 223.1422127974212 222.36539694133376 221.45324474901926 220.39906662004367 219.19542129334747 217.8342450072601 216.3070486083323 214.6052045732424 212.72034809515483 210.64491583066845 208.3728403263664 205.9004046555925 203.22723747156337 200.35739187987446 197.30040406736552 194.0721773610627 190.69549982978836 187.20000000000002 183.62139553692987 180.0 176.37860446307013 172.8 169.30450017021167 165.9278226389373 162.69959593263445 159.64260812012554 156.77276252843663 154.09959534440748 151.62715967363357 149.35508416933155 147.27965190484517 145.3947954267576 143.69295139166772 142.1657549927399 140.80457870665253 139.60093337995633 138.54675525098074 137.63460305866627 136.8577872025788
