test/standards/AN_aspect_gs_Synth.asc
ncols         101
nrows         101
xllcorner     0.0
yllcorner     0.0
cellsize      1
NODATA_value  -9999.
[rows 20 to 39 of 101, columns 45 to 89 of 101]
111.15987887636356 110.81004491324926 110.54412069758082 110.35739187987444 110.24661703041075 110.2099000936556 110.24661703041075 110.35739187987444 110.54412069758082 110.81004491324926 111.15987887636356 111.59999999999997 112.13871429263442 112.78661555417496 113.55706353627347 114.46681538756724 115.53685609025058 116.79348728327244 118.269748521726 120.0072560439674 122.05853917804612 124.48990386989462 127.38468947285023 130.846368188107 134.99999999999997 139.98869299450214 145.95864908872804 153.02317457814175 161.19812912539697 170.32028982091418 179.99999999999997 189.67971017908576 198.80187087460297 206.97682542185822 214.04135091127202 220.01130700549783 225.0 229.15363181189298 232.61531052714977 235.51009613010538 237.94146082195388 239.99274395603257 241.73025147827397 243.20651271672756 244.46314390974942
108.0 107.69477495558907 107.463014152365 107.30040406736555 107.20398747680346 107.17203785051382 107.20398747680346 107.30040406736553 107.463014152365 107.69477495558907 107.99999999999999 108.38454782111906 108.85608832280847 109.42446810068965 110.10220530453118 110.90515744788928 111.8534235477998 112.97256708727518 114.29528078091604 115.86365948991502 117.73230144770194 119.97250478386304 122.67781357523408 125.97094489252692 130.0113070054978 134.99999999999997 141.17367556174963 148.76827088136602 157.92317176214613 168.5141905068211 179.99999999999997 191.4858094931788 202.07682823785382 211.23172911863392 218.8263244382504 225.0 229.98869299450217 234.02905510747308 237.3221864247659 240.02749521613697 242.26769855229801 244.13634051008495 245.70471921908393 247.02743291272483 248.1465764522002
104.65404612937074 104.4 104.20729073138851 104.0721773610627 103.992101863549 103.96557330835516 103.992101863549 104.0721773610627 104.20729073138851 104.4 104.65404612937074 104.97452823788068 105.3681531926393 105.84358203617305 106.41190631316063 107.087302859135 107.88793870957863 108.83723272786301 109.96563394638216 111.31315853670606 112.9330521586486 114.8971293344094 117.30359436188905 120.28841827715029 124.04135091127198 128.82632443825037 135.00000000000006 143.00293275697098 153.25308445197936 165.82981880754488 179.99999999999994 194.17018119245503 206.74691554802058 216.99706724302897 225.0 231.1736755617496 235.958649088728 239.71158172284973 242.69640563811095 245.10287066559061 247.06694784135138 248.68684146329394 250.03436605361782 251.162767272137 252.11206129042137
101.14590557729689 100.9491365248984 100.79999999999998 100.69549982978833 100.63359173440267 100.61308591091252 100.63359173440267 100.69549982978833 100.79999999999998 100.9491365248984 101.14590557729689 101.39440338392389 101.70003886527232 102.06983164774563 102.51282683228754 103.04067378252881 103.66844087414172 104.41577742595851 105.30859799138594 106.38157068303246 107.68187236787944 109.27498764619119 111.253879834086 113.7538265420069 116.97682542185818 121.23172911863391 126.99706724302905 134.99999999999994 146.22273019233324 161.47426284988046 179.99999999999994 198.52573715011943 213.77726980766667 225.0 233.002932756971 238.76827088136605 243.02317457814178 246.24617345799305 248.746120165914 250.7250123538088 252.31812763212056 253.61842931696754 254.69140200861403 255.5842225740415 256.3315591258583
97.50735876388737 97.37302034410757 97.2712663723029 97.2 97.15779291663279 97.14381471750313 97.15779291663279 97.2 97.2712663723029 97.37302034410757 97.50735876388737 97.6771548835156 97.88621403266927 98.13949337156173 98.44341051096322 98.80627899503816 99.23892974652783 99.75561229361513 100.37532845456245 101.12385418334249 102.03689206271818 103.16514889101364 104.58282474019316 106.40242392237406 108.80187087460297 112.07682823785379 116.74691554802064 123.77726980766663 134.99999999999991 153.3896532748523 179.99999999999991 206.61034672514756 225.0 236.22273019233336 243.25308445197942 247.92317176214618 251.198129125397 253.59757607762592 255.41717525980687 256.8348511089864 257.9631079372818 258.8761458166575 259.62467154543754 260.2443877063849 260.76107025347216
93.77729199819237 93.70913393652012 93.65752850779798 93.62139553692982 93.59999999999997 93.59291484889283 93.59999999999997 93.62139553692982 93.65752850779798 93.70913393652012 93.77729199819237 93.86348493503453 93.96967948253848 94.09844374195939 94.25311223167769 94.43802038946458 94.65884204179628 94.92308388799553 95.2408266608074 95.62586674730281 96.09753247139511 96.68368658250591 97.425921419686 98.38905633763895 99.67971017908576 101.4858094931788 104.17018119245509 108.5257371501194 116.61034672514751 134.99999999999986 179.99999999999986 225.0 243.38965327485244 251.47426284988057 255.82981880754494 258.51419050682114 260.32028982091424 261.610943662361 262.574078580314 263.3163134174941 263.90246752860486 264.37413325269716 264.7591733391926 265.0769161120044 265.3411579582037
89.99999999999999 89.99999999999999 89.99999999999999 89.99999999999999 89.99999999999999 89.99999999999999 89.99999999999999 89.99999999999999 89.99999999999999 89.99999999999999 89.99999999999999 89.99999999999999 89.99999999999999 89.99999999999999 89.99999999999999 89.99999999999999 89.99999999999999 89.99999999999999 89.99999999999999 89.99999999999999 89.99999999999999 89.99999999999997 89.99999999999997 89.99999999999997 89.99999999999997 89.99999999999996 89.99999999999996 89.99999999999994 89.99999999999991 89.99999999999983 45.0 270.00000000000017 270.0000000000001 270.00000000000006 270.00000000000006 270.00000000000006 270.00000000000006 270.0 270.0 270.0 270.0 270.0 270.0 270.0 270.0
86.22270800180762 86.29086606347985 86.34247149220201 86.37860446307015 86.4 86.40708515110714 86.4 86.37860446307015 86.34247149220201 86.29086606347985 86.22270800180762 86.13651506496544 86.03032051746149 85.90155625804059 85.74688776832228 85.56197961053539 85.3411579582037 85.07691611200443 84.75917333919257 84.37413325269716 83.90246752860484 83.31631341749404 82.57407858031395 81.610943662361 80.3202898209142 78.51419050682112 75.82981880754484 71.4742628498805 63.38965327485237 45.0 1.6538884343610288e-13 315.00000000000017 296.6103467251477 288.52573715011954 284.1701811924551 281.48580949317886 279.6797101790858 278.389056337639 277.42592141968606 276.6836865825059 276.09753247139514 275.62586674730284 275.24082666080744 274.9230838879956 274.65884204179633
82.4926412361126 82.6269796558924 82.72873362769707 82.79999999999998 82.84220708336719 82.85618528249685 82.84220708336719 82.79999999999998 82.72873362769707 82.6269796558924 82.4926412361126 82.32284511648439 82.11378596733071 81.86050662843824 81.55658948903675 81.19372100496183 80.76107025347214 80.24438770638484 79.62467154543752 78.87614581665748 77.96310793728178 76.83485110898633 75.41717525980681 73.59757607762592 71.198129125397 67.92317176214615 63.253084451979305 56.222730192333316 45.0 26.610346725147632 7.63333123551244e-14 333.3896532748525 315.0000000000001 303.77726980766676 296.7469155480207 292.0768282378539 288.801870874603 286.4024239223741 284.5828247401932 283.16514889101364 282.0368920627182 281.12385418334253 280.3753284545625 279.7556122936152 279.23892974652784
78.8540944227031 79.05086347510158 79.2 79.30450017021164 79.3664082655973 79.38691408908745 79.3664082655973 79.30450017021164 79.2 79.05086347510158 78.8540944227031 78.6055966160761 78.29996113472765 77.93016835225436 77.48717316771244 76.95932621747116 76.33155912585825 75.58422257404146 74.69140200861405 73.61842931696751 72.31812763212054 70.72501235380876 68.74612016591396 66.24617345799304 63.023174578141756 58.76827088136604 53.00293275697091 45.0 33.777269807666684 18.525737150119504 5.088887490341627e-14 341.4742628498806 326.2227301923334 315.00000000000006 306.99706724302905 301.231729118634 296.9768254218583 293.753826542007 291.25387983408604 289.2749876461912 287.68187236787946 286.3815706830325 285.30859799138597 284.41577742595854 283.66844087414177
75.34595387062929 75.60000000000002 75.79270926861152 75.92782263893733 76.00789813645103 76.03442669164487 76.00789813645103 75.92782263893733 75.79270926861152 75.60000000000002 75.34595387062929 75.02547176211934 74.63184680736073 74.15641796382698 73.5880936868394 72.91269714086503 72.11206129042141 71.16276727213703 70.03436605361789 68.68684146329399 67.06694784135145 65.10287066559064 62.696405638110974 59.71158172284977 55.95864908872807 51.17367556174967 45.0 36.99706724302909 26.746915548020695 14.17018119245516 3.81666561775622e-14 345.82981880754494 333.25308445197936 323.00293275697095 314.99999999999994 308.82632443825037 304.04135091127193 300.2884182771503 297.303594361889 294.8971293344093 292.9330521586486 291.313158536706 289.9656339463821 288.83723272786295 287.8879387095786
71.99999999999999 72.3052250444109 72.53698584763498 72.69959593263444 72.79601252319652 72.82796214948615 72.79601252319652 72.69959593263444 72.53698584763498 72.30522504441092 72.0 71.61545217888091 71.1439116771915 70.57553189931032 69.8977946954688 69.09484255211069 68.14657645220016 67.02743291272479 65.70471921908393 64.13634051008495 62.26769855229804 60.027495216136934 57.32218642476588 54.029055107473056 49.98869299450215 45.0 38.82632443825033 31.23172911863396 22.076828237853842 11.485809493178873 2.5444437451708134e-14 348.5141905068212 337.9231717621462 328.7682708813661 321.1736755617496 315.00000000000006 310.0113070054979 305.970944892527 302.6778135752341 299.9725047838631 297.73230144770196 295.86365948991505 294.2952807809161 292.97256708727525 291.8534235477998
68.84012112363642 69.18995508675071 69.45587930241916 69.64260812012553 69.75338296958924 69.79009990634437 69.75338296958924 69.64260812012553 69.45587930241916 69.18995508675073 68.84012112363642 68.4 67.86128570736557 67.21338444582501 66.4429364637265 65.53318461243273 64.46314390974939 63.206512716727524 61.73025147827396 59.99274395603256 57.941460821953854 55.51009613010534 52.61531052714975 49.15363181189297 45.0 40.01130700549785 34.04135091127193 26.97682542185823 18.801870874603 9.679710179085808 2.5444437451708134e-14 350.32028982091424 341.1981291253971 333.02317457814183 325.958649088728 319.9886929945022 315.00000000000006 310.8463681881071 307.3846894728502 304.48990386989465 302.05853917804615 300.00725604396746 298.26974852172606 296.7934872832725 295.53685609025064
65.8823747097751 66.27019843992498 66.56534172297302 66.77276252843664 66.89588037624024 66.93669955179493 66.89588037624024 66.77276252843664 66.56534172297302 66.27019843992498 65.8823747097751 65.39519201344784 64.80000000000003 64.08584181244971 63.239017275074985 62.242520145456 61.07532061018932 59.711460676982256 58.11893151809475 56.25831554419462 54.081217155540735 51.52860417430325 48.52939070681098 45.0 40.84636818810702 35.97094489252694 30.288418277150242 23.753826542006948 16.402423922374087 8.38905633763899 2.5444437451708134e-14 351.610943662361 343.597576077626 336.24617345799305 329.7115817228497 324.0290551074731 319.153631811893 315.00000000000006 311.470609293189 308.47139582569673 305.91878284445926 303.7416844558054 301.8810684819053 300.28853932301774 298.9246793898107
63.13569818485397 63.555176954402555 63.8747867925139 64.09959534440746 64.2331089517079 64.27738708625282 64.2331089517079 64.09959534440746 63.87478679251389 63.555176954402555 63.13569818485397 62.609554012269996 61.96799098608874 61.19999999999998 60.29193497578534 59.22703520868142 57.98483781070634 56.54047070881207 54.86382869841443 52.91866272807371 50.66166928459061 48.04177457954662 45.0 41.470609293189014 37.38468947285025 32.67781357523412 27.303594361889015 21.253879834086035 14.582824740193194 7.425921419686047 1.2722218725854067e-14 352.574078580314 345.41717525980687 338.74612016591396 332.69640563811095 327.3221864247659 322.6153105271498 318.529390706811 314.99999999999994 311.95822542045335 309.33833071540937 307.08133727192626 305.1361713015856 303.45952929118795 302.0151621892936
60.60301852142469 61.048332936007334 61.38802319244704 61.62715967363359 61.76926186588931 61.81640130011555 61.76926186588931 61.62715967363359 61.38802319244704 61.048332936007334 60.60301852142469 60.0453095162945 59.36653519812953 58.55586736183391 57.600000000000016 56.48276076247806 55.18465287993417 53.682335009365744 51.94806414362347 49.9491597190566 47.64760517555119 45.0 41.95822542045338 38.471395825696746 34.489903869894654 29.97250478386305 24.897129334409357 19.27498764619123 13.165148891013676 6.683686582505956 1.2722218725854067e-14 353.31631341749414 346.8348511089864 340.72501235380884 335.10287066559056 330.02749521613697 325.51009613010535 321.52860417430327 318.0417745795466 315.0 312.3523948244488 310.0508402809434 308.0519358563766 306.3176649906343 304.8153471200658
58.28252558853898 58.74850576847723 59.10436093314533 59.35508416933151 59.504152221492866 59.55361568293476 59.504152221492866 59.35508416933151 59.104360933145315 58.74850576847723 58.282525588538995 57.69978173987551 56.991819227817444 56.14815197937929 55.156002850388276 54.00000000000001 52.661837267674954 51.119917384294745 49.34901645969796 47.320040912208995 45.0 42.3523948244488 39.33833071540939 35.918782844459265 32.058539178046146 27.732301447701957 22.933052158648554 17.68187236787946 12.036892062718213 6.097532471395151 1.2722218725854067e-14 353.9024675286049 347.9631079372818 342.31812763212054 337.0669478413514 332.2676985522981 327.94146082195385 324.0812171555408 320.6616692845906 317.6476051755512 315.0 312.679959087791 310.65098354030204 308.88008261570525 307.33816273232503
56.1689294342681 56.651109665905125 57.019730456413704 57.27965190484515 57.43426843757526 57.48558608382857 57.43426843757526 57.27965190484516 57.0197304564137 56.651109665905125 56.16892943426811 55.5667546227147 54.836433033883395 53.96792109881104 52.949079726195784 51.76544680660712 50.400000000000006 48.832935392715896 47.0415068023424 45.0 42.679959087791005 40.05084028094339 37.08133727192628 33.74168445580537 30.007256043967434 25.863659489915033 21.313158536706013 16.381570683032486 11.12385418334252 5.6258667473028305 1.2722218725854067e-14 354.37413325269716 348.8761458166575 343.61842931696754 338.68684146329394 334.136340510085 329.99274395603254 326.2583155441946 322.9186627280737 319.9491597190566 317.320040912209 315.0 312.9584931976576 311.1670646072841 309.59999999999997
54.25458792189977 54.74920290169535 55.127708079243384 55.394795426757604 55.553751422107794 55.60652198276835 55.553751422107794 55.39479542675761 55.12770807924338 54.749202901695355 54.25458792189978 53.63767502631182 52.89066458198718 52.004007791593615 50.966251952982574 49.76387840469354 48.38115042136574 46.80000000000001 45.0 42.9584931976576 40.65098354030204 38.05193585637653 35.13617130158557 31.881068481905242 28.269748521726022 24.295280780916073 19.965633946382113 15.308597991385943 10.375328454562473 5.240826660807423 1.2722218725854067e-14 354.7591733391926 349.62467154543754 344.6914020086141 340.0343660536178 335.704719219084 331.730251478274 328.11893151809477 324.8638286984144 321.9480641436234 319.349016459698 317.04150680234244 315.00000000000006 313.2 311.61884957863424
52.53044965714137 53.034392420900794 53.42039128318802 53.69295139166767 53.85523694318885 53.90912479508712 53.85523694318885 53.69295139166767 53.42039128318802 53.034392420900794 52.53044965714137 51.9026432218571 51.14354713636108 50.244123703593665 49.19361110184646 47.97941591217478 46.58702974983022 45.0 43.19999999999999 41.1670646072841 38.880082615705255 36.31766499063425 33.45952929118793 30.28853932301774 26.793487283272462 22.972567087275202 18.837232727862975 14.415777425958535 9.755612293615151 4.923083887995563 1.2722218725854067e-14 355.0769161120044 350.2443877063849 345.5842225740415 341.162767272137 337.0274329127248 333.20651271672756 329.7114606769823 326.54047070881205 323.6823350093657 321.11991738429475 318.8329353927159 316.8 315.0 313.4129702501698
