test/standards/AN_laplacian_Synth.asc
ncols         101
nrows         101
xllcorner     0.0
yllcorner     0.0
cellsize      1
NODATA_value  -9999.
[rows 18 to 35 of 101, columns 0 to 40 of 101]
0.08648800266064917 0.08029082678171719 0.07411810832475899 0.0679942081894774 0.061943294611962504 0.05598924778370531 0.050155565607391685 0.04446527096141567 0.03894082083909659 0.03360401772118607 0.028475923531437054 0.023576776514813116 0.018925911366381498 0.01454168292610486 0.010441393740673544 0.006641225778258528 0.0031561765656758223 -4.163336342344337e-17 -0.0028148479317842146 -0.005277258310871655 -0.007377513128464422 -0.009107323638312625 -0.010459863068609132 -0.011429793564139062 -0.012013287252355648 -0.012208041350244406 -0.012013287252355648 -0.011429793564139076 -0.010459863068609146 -0.009107323638312625 -0.007377513128464436 -0.005277258310871669 -0.0028148479317842007 -1.3877787807814457e-17 0.0031561765656758223 0.006641225778258514 0.010441393740673544 0.01454168292610486 0.01892591136638147 0.023576776514813103 0.028475923531437047
0.08930285059243341 0.08310567471350143 0.07693295625654323 0.07080905612126165 0.06475814254374675 0.05880409571548955 0.05297041353917593 0.04728011889319991 0.041755668770880834 0.03641886565297031 0.0312907714632213 0.02639162444659736 0.02174075929816574 0.017356530857889102 0.013256241672457786 0.00945607371004277 0.005971024497460065 0.0028148479317842007 2.7755575615628914e-17 -0.0024624103790874124 -0.0045626651966801796 -0.006292475706528383 -0.00764501513682489 -0.00861494563235482 -0.009198439320571405 -0.009393193418460163 -0.009198439320571405 -0.008614945632354834 -0.007645015136824904 -0.006292475706528383 -0.0045626651966801934 -0.0024624103790874263 4.163336342344337e-17 0.0028148479317842284 0.005971024497460065 0.009456073710042756 0.013256241672457786 0.017356530857889102 0.021740759298165713 0.026391624446597345 0.03129077146322129
0.09176526097152085 0.08556808509258887 0.07939536663563068 0.07327146650034908 0.06722055292283419 0.06126650609457699 0.05543282391826337 0.04974252927228735 0.044218079149968274 0.03888127603205775 0.03375318184230874 0.0288540348256848 0.02420316967725318 0.019818941236976542 0.015718652051545226 0.01191848408913021 0.008433434876547505 0.005277258310871641 0.002462410379087468 2.7755575615628914e-17 -0.0021002548175927394 -0.003830065327440943 -0.0051826047577374496 -0.00615253525326738 -0.006736028941483965 -0.006930783039372723 -0.006736028941483965 -0.006152535253267394 -0.005182604757737463 -0.003830065327440943 -0.0021002548175927532 1.3877787807814457e-17 0.002462410379087482 0.005277258310871669 0.008433434876547505 0.011918484089130196 0.015718652051545226 0.019818941236976542 0.024203169677253153 0.028854034825684785 0.03375318184230873
0.0938655157891136 0.08766833991018162 0.08149562145322342 0.07537172131794184 0.06932080774042694 0.06336676091216975 0.05753307873585612 0.051842784089880106 0.04631833396756103 0.040981530849650505 0.03585343665990149 0.030954289643277552 0.026303424494845934 0.021919196054569295 0.01781890686913798 0.014018738906722963 0.010533689694140258 0.007377513128464394 0.004562665196680221 0.002100254817592781 1.3877787807814457e-17 -0.0017298105098481897 -0.0030823499401446963 -0.004052280435674627 -0.004635774123891212 -0.00483052822177997 -0.004635774123891212 -0.004052280435674641 -0.00308234994014471 -0.0017298105098481897 0.0 0.002100254817592767 0.004562665196680235 0.007377513128464422 0.010533689694140258 0.01401873890672295 0.01781890686913798 0.021919196054569295 0.026303424494845906 0.03095428964327754 0.03585343665990148
0.0955953262989618 0.08939815042002981 0.08322543196307161 0.07710153182779003 0.07105061825027513 0.06509657142201794 0.05926288924570431 0.053572594599728296 0.04804814447740922 0.042711341359498695 0.03758324716974968 0.03268410015312574 0.028033235004694124 0.023649006564417485 0.01954871737898617 0.015748549416571153 0.012263500203988448 0.009107323638312584 0.006292475706528411 0.0038300653274409707 0.0017298105098482036 0.0 -0.0013525394302965066 -0.002322469925826437 -0.0029059636140430223 -0.0031007177119317803 -0.0029059636140430223 -0.002322469925826451 -0.0013525394302965205 0.0 0.0017298105098481897 0.003830065327440957 0.006292475706528425 0.009107323638312612 0.012263500203988448 0.01574854941657114 0.01954871737898617 0.023649006564417485 0.028033235004694096 0.03268410015312573 0.03758324716974967
0.09694786572925831 0.09075068985032633 0.08457797139336815 0.07845407125808654 0.07240315768057165 0.06644911085231445 0.06061542867600083 0.054925134030024816 0.04940068390770574 0.044063880789795215 0.0389357866000462 0.03403663958342226 0.029385774434990644 0.025001545994714006 0.02090125680928269 0.017101088846867674 0.013616039634284968 0.010459863068609104 0.007645015136824931 0.005182604757737491 0.003082349940144724 0.0013525394302965205 1.3877787807814457e-17 -0.0009699304955299165 -0.0015534241837465018 -0.0017481782816352598 -0.0015534241837465018 -0.0009699304955299304 0.0 0.0013525394302965205 0.00308234994014471 0.005182604757737477 0.007645015136824945 0.010459863068609132 0.013616039634284968 0.01710108884686766 0.02090125680928269 0.025001545994714006 0.029385774434990616 0.03403663958342225 0.03893578660004619
0.09791779622478824 0.09172062034585626 0.08554790188889808 0.07942400175361647 0.07337308817610158 0.06741904134784438 0.06158535917153076 0.05589506452555475 0.05037061440323567 0.045033811285325145 0.03990571709557613 0.03500657007895219 0.030355704930520575 0.025971476490243936 0.02187118730481262 0.018071019342397604 0.014585970129814899 0.011429793564139035 0.008614945632354862 0.006152535253267422 0.0040522804356746545 0.002322469925826451 0.0009699304955299443 1.3877787807814457e-17 -0.0005834936882165714 -0.0007782477861053294 -0.0005834936882165714 0.0 0.0009699304955299304 0.002322469925826451 0.004052280435674641 0.006152535253267408 0.008614945632354876 0.011429793564139062 0.014585970129814899 0.01807101934239759 0.02187118730481262 0.025971476490243936 0.030355704930520547 0.03500657007895218 0.039905717095576124
0.09850128991300482 0.09230411403407283 0.08613139557711463 0.08000749544183305 0.07395658186431815 0.06800253503606096 0.06216885285974733 0.05647855821377132 0.05095410809145224 0.04561730497354172 0.0404892107837927 0.035590063767168764 0.030939198618737146 0.026554970178460507 0.02245468099302919 0.018654513030614175 0.01516946381803147 0.012013287252355606 0.009198439320571433 0.006736028941483993 0.004635774123891226 0.0029059636140430223 0.0015534241837465157 0.0005834936882165853 0.0 -0.00019475409788875797 0.0 0.0005834936882165714 0.0015534241837465018 0.0029059636140430223 0.004635774123891212 0.006736028941483979 0.009198439320571447 0.012013287252355634 0.01516946381803147 0.01865451303061416 0.02245468099302919 0.026554970178460507 0.030939198618737118 0.03559006376716875 0.040489210783792695
0.09869604401089357 0.09249886813196159 0.0863261496750034 0.0802022495397218 0.07415133596220691 0.0681972891339497 0.06236360695763609 0.056673312311660076 0.051148862189341 0.045812059071430475 0.04068396488168146 0.03578481786505752 0.031133952716625904 0.026749724276349265 0.02264943509091795 0.018849267128502933 0.015364217915920228 0.012208041350244364 0.009393193418460191 0.006930783039372751 0.004830528221779984 0.0031007177119317803 0.0017481782816352737 0.0007782477861053433 0.00019475409788875797 0.0 0.00019475409788875797 0.0007782477861053294 0.0017481782816352598 0.0031007177119317803 0.00483052822177997 0.006930783039372737 0.009393193418460205 0.012208041350244392 0.015364217915920228 0.01884926712850292 0.02264943509091795 0.026749724276349265 0.031133952716625876 0.03578481786505751 0.04068396488168145
0.09850128991300482 0.09230411403407283 0.08613139557711463 0.08000749544183305 0.07395658186431815 0.06800253503606096 0.06216885285974733 0.05647855821377132 0.05095410809145224 0.04561730497354172 0.0404892107837927 0.035590063767168764 0.030939198618737146 0.026554970178460507 0.02245468099302919 0.018654513030614175 0.01516946381803147 0.012013287252355606 0.009198439320571433 0.006736028941483993 0.004635774123891226 0.0029059636140430223 0.0015534241837465157 0.0005834936882165853 0.0 -0.00019475409788875797 0.0 0.0005834936882165714 0.0015534241837465018 0.0029059636140430223 0.004635774123891212 0.006736028941483979 0.009198439320571447 0.012013287252355634 0.01516946381803147 0.01865451303061416 0.02245468099302919 0.026554970178460507 0.030939198618737118 0.03559006376716875 0.040489210783792695
0.09791779622478823 0.09172062034585625 0.08554790188889805 0.07942400175361647 0.07337308817610157 0.06741904134784438 0.06158535917153075 0.05589506452555473 0.050370614403235654 0.04503381128532513 0.03990571709557612 0.03500657007895218 0.03035570493052056 0.025971476490243922 0.021871187304812606 0.01807101934239759 0.014585970129814885 0.01142979356413902 0.008614945632354848 0.006152535253267408 0.004052280435674641 0.002322469925826437 0.0009699304955299304 0.0 -0.0005834936882165853 -0.0007782477861053433 -0.0005834936882165853 -1.3877787807814457e-17 0.0009699304955299165 0.002322469925826437 0.004052280435674627 0.006152535253267394 0.008614945632354862 0.011429793564139049 0.014585970129814885 0.018071019342397576 0.021871187304812606 0.025971476490243922 0.030355704930520533 0.035006570078952165 0.03990571709557611
0.09694786572925831 0.09075068985032633 0.08457797139336815 0.07845407125808654 0.07240315768057165 0.06644911085231445 0.06061542867600083 0.054925134030024816 0.04940068390770574 0.044063880789795215 0.0389357866000462 0.03403663958342226 0.029385774434990644 0.025001545994714006 0.02090125680928269 0.017101088846867674 0.013616039634284968 0.010459863068609104 0.007645015136824931 0.005182604757737491 0.003082349940144724 0.0013525394302965205 1.3877787807814457e-17 -0.0009699304955299165 -0.0015534241837465018 -0.0017481782816352598 -0.0015534241837465018 -0.0009699304955299304 0.0 0.0013525394302965205 0.00308234994014471 0.005182604757737477 0.007645015136824945 0.010459863068609132 0.013616039634284968 0.01710108884686766 0.02090125680928269 0.025001545994714006 0.029385774434990616 0.03403663958342225 0.03893578660004619
0.09559532629896181 0.08939815042002983 0.08322543196307164 0.07710153182779003 0.07105061825027514 0.06509657142201794 0.059262889245704324 0.05357259459972831 0.04804814447740923 0.04271134135949871 0.037583247169749694 0.032684100153125756 0.028033235004694138 0.0236490065644175 0.019548717378986183 0.015748549416571167 0.012263500203988462 0.009107323638312598 0.006292475706528425 0.0038300653274409846 0.0017298105098482175 1.3877787807814457e-17 -0.0013525394302964927 -0.002322469925826423 -0.0029059636140430084 -0.0031007177119317664 -0.0029059636140430084 -0.002322469925826437 -0.0013525394302965066 1.3877787807814457e-17 0.0017298105098482036 0.0038300653274409707 0.006292475706528439 0.009107323638312625 0.012263500203988462 0.015748549416571153 0.019548717378986183 0.0236490065644175 0.02803323500469411 0.03268410015312574 0.03758324716974969
0.09386551578911359 0.08766833991018161 0.08149562145322342 0.07537172131794181 0.06932080774042693 0.06336676091216972 0.05753307873585611 0.05184278408988009 0.046318333967561014 0.04098153084965049 0.035853436659901476 0.03095428964327754 0.02630342449484592 0.02191919605456928 0.017818906869137965 0.01401873890672295 0.010533689694140244 0.00737751312846438 0.004562665196680207 0.002100254817592767 0.0 -0.0017298105098482036 -0.00308234994014471 -0.004052280435674641 -0.004635774123891226 -0.004830528221779984 -0.004635774123891226 -0.0040522804356746545 -0.003082349940144724 -0.0017298105098482036 -1.3877787807814457e-17 0.0021002548175927532 0.004562665196680221 0.007377513128464408 0.010533689694140244 0.014018738906722936 0.017818906869137965 0.02191919605456928 0.026303424494845892 0.030954289643277524 0.03585343665990147
0.09176526097152084 0.08556808509258886 0.07939536663563065 0.07327146650034908 0.06722055292283417 0.06126650609457698 0.05543282391826335 0.04974252927228734 0.04421807914996826 0.03888127603205774 0.03375318184230872 0.028854034825684785 0.024203169677253167 0.01981894123697653 0.015718652051545212 0.011918484089130196 0.008433434876547491 0.005277258310871627 0.002462410379087454 1.3877787807814457e-17 -0.0021002548175927532 -0.003830065327440957 -0.005182604757737463 -0.006152535253267394 -0.006736028941483979 -0.006930783039372737 -0.006736028941483979 -0.006152535253267408 -0.005182604757737477 -0.003830065327440957 -0.002100254817592767 0.0 0.002462410379087468 0.005277258310871655 0.008433434876547491 0.011918484089130182 0.015718652051545212 0.01981894123697653 0.02420316967725314 0.02885403482568477 0.033753181842308716
0.0893028505924334 0.08310567471350142 0.07693295625654323 0.07080905612126162 0.06475814254374673 0.058804095715489536 0.05297041353917591 0.0472801188931999 0.04175566877088082 0.0364188656529703 0.03129077146322128 0.026391624446597345 0.021740759298165727 0.017356530857889088 0.013256241672457772 0.009456073710042756 0.005971024497460051 0.002814847931784187 1.3877787807814457e-17 -0.0024624103790874263 -0.0045626651966801934 -0.006292475706528397 -0.007645015136824904 -0.008614945632354834 -0.00919843932057142 -0.009393193418460177 -0.00919843932057142 -0.008614945632354848 -0.0076450151368249175 -0.006292475706528397 -0.004562665196680207 -0.00246241037908744 2.7755575615628914e-17 0.0028148479317842146 0.005971024497460051 0.009456073710042742 0.013256241672457772 0.017356530857889088 0.0217407592981657 0.02639162444659733 0.031290771463221276
0.0864880026606492 0.08029082678171721 0.07411810832475901 0.06799420818947743 0.06194329461196253 0.055989247783705336 0.05015556560739171 0.0444652709614157 0.03894082083909662 0.0336040177211861 0.028475923531437082 0.023576776514813144 0.018925911366381526 0.014541682926104887 0.010441393740673571 0.006641225778258555 0.00315617656567585 -1.3877787807814457e-17 -0.002814847931784187 -0.005277258310871627 -0.007377513128464394 -0.009107323638312598 -0.010459863068609104 -0.011429793564139035 -0.01201328725235562 -0.012208041350244378 -0.01201328725235562 -0.011429793564139049 -0.010459863068609118 -0.009107323638312598 -0.007377513128464408 -0.005277258310871641 -0.002814847931784173 1.3877787807814457e-17 0.00315617656567585 0.0066412257782585415 0.010441393740673571 0.014541682926104887 0.018925911366381498 0.02357677651481313 0.028475923531437075
0.08333182609497337 0.07713465021604139 0.07096193175908319 0.06483803162380161 0.05878711804628671 0.05283307121802951 0.04699938904171589 0.041309094395739876 0.0357846442734208 0.030447841155510275 0.02531974696576126 0.020420599949137322 0.015769734800705704 0.011385506360429065 0.007285217174997749 0.003485049212582733 2.7755575615628914e-17 -0.003156176565675836 -0.005971024497460009 -0.00843343487654745 -0.010533689694140216 -0.01226350020398842 -0.013616039634284927 -0.014585970129814857 -0.015169463818031442 -0.0153642179159202 -0.015169463818031442 -0.01458597012981487 -0.01361603963428494 -0.01226350020398842 -0.01053368969414023 -0.008433434876547463 -0.005971024497459995 -0.0031561765656758084 2.7755575615628914e-17 0.0034850492125827193 0.007285217174997749 0.011385506360429065 0.015769734800705676 0.020420599949137308 0.025319746965761253
