test/standards/AN_laplacian_Synth.asc
ncols         101
nrows         101
xllcorner     0.0
yllcorner     0.0
cellsize      1
NODATA_value  -9999.
[rows 72 to 89 of 101, columns 41 to 81 of 101]
-0.14847931123842492 -0.14314250812051435 -0.13761805799819532 -0.13192776335221928 -0.12609408117590568 -0.1201400343476485 -0.11408912077013356 -0.107965220634852 -0.1017925021778938 -0.09559532629896181 -0.08939815042002981 -0.08322543196307161 -0.07710153182779 -0.07105061825027514 -0.06509657142201794 -0.05926288924570431 -0.05357259459972833 -0.04804814447740921 -0.042711341359498715 -0.03758324716974973 -0.03268410015312574 -0.028033235004694138 -0.023649006564417485 -0.019548717378986155 -0.015748549416571153 -0.01226350020398842 -0.009107323638312598 -0.006292475706528397 -0.003830065327440957 -0.0017298105098482036 1.3877787807814457e-17 0.0013525394302965205 0.002322469925826437 0.0029059636140430223 0.0031007177119317803 0.0029059636140430223 0.002322469925826451 0.0013525394302965205 0.0 -0.0017298105098481897 -0.003830065327440943
-0.14983185066872146 -0.14449504755081088 -0.13897059742849183 -0.13328030278251582 -0.12744662060620218 -0.12149257377794502 -0.11544166020043008 -0.10931776006514851 -0.10314504160819032 -0.09694786572925833 -0.09075068985032633 -0.08457797139336813 -0.07845407125808652 -0.07240315768057168 -0.06644911085231446 -0.06061542867600083 -0.05492513403002485 -0.04940068390770573 -0.044063880789795236 -0.03893578660004625 -0.03403663958342226 -0.029385774434990658 -0.025001545994714006 -0.020901256809282676 -0.017101088846867674 -0.01361603963428494 -0.010459863068609118 -0.0076450151368249175 -0.005182604757737477 -0.003082349940144724 -0.0013525394302965066 0.0 0.0009699304955299165 0.0015534241837465018 0.0017481782816352598 0.0015534241837465018 0.0009699304955299304 0.0 -0.0013525394302965205 -0.00308234994014471 -0.005182604757737463
-0.1508017811642514 -0.14546497804634081 -0.13994052792402176 -0.13425023327804575 -0.1284165511017321 -0.12246250427347495 -0.11641159069596001 -0.11028769056067844 -0.10411497210372025 -0.09791779622478826 -0.09172062034585626 -0.08554790188889806 -0.07942400175361645 -0.07337308817610161 -0.06741904134784439 -0.06158535917153076 -0.05589506452555478 -0.05037061440323566 -0.045033811285325166 -0.03990571709557618 -0.03500657007895219 -0.03035570493052059 -0.025971476490243936 -0.021871187304812606 -0.018071019342397604 -0.01458597012981487 -0.011429793564139049 -0.008614945632354848 -0.006152535253267408 -0.0040522804356746545 -0.002322469925826437 -0.0009699304955299304 -1.3877787807814457e-17 0.0005834936882165714 0.0007782477861053294 0.0005834936882165714 0.0 -0.0009699304955299304 -0.002322469925826451 -0.004052280435674641 -0.006152535253267394
-0.15138527485246794 -0.14604847173455737 -0.14052402161223834 -0.13483372696626234 -0.1290000447899487 -0.12304599796169152 -0.11699508438417658 -0.11087118424889503 -0.10469846579193683 -0.09850128991300483 -0.09230411403407283 -0.08613139557711463 -0.08000749544183303 -0.07395658186431817 -0.06800253503606096 -0.06216885285974733 -0.05647855821377135 -0.05095410809145223 -0.04561730497354174 -0.04048921078379275 -0.035590063767168764 -0.03093919861873716 -0.026554970178460507 -0.022454680993029177 -0.018654513030614175 -0.015169463818031442 -0.01201328725235562 -0.00919843932057142 -0.006736028941483979 -0.004635774123891226 -0.0029059636140430084 -0.0015534241837465018 -0.0005834936882165853 0.0 0.00019475409788875797 0.0 -0.0005834936882165714 -0.0015534241837465018 -0.0029059636140430223 -0.004635774123891212 -0.006736028941483965
-0.15158002895035672 -0.14624322583244614 -0.1407187757101271 -0.13502848106415108 -0.12919479888783744 -0.12324075205958028 -0.11718983848206534 -0.11106593834678377 -0.10489321988982558 -0.09869604401089359 -0.09249886813196159 -0.08632614967500339 -0.08020224953972178 -0.07415133596220694 -0.06819728913394972 -0.06236360695763609 -0.05667331231166011 -0.05114886218934099 -0.045812059071430496 -0.04068396488168151 -0.03578481786505752 -0.031133952716625918 -0.026749724276349265 -0.022649435090917935 -0.018849267128502933 -0.0153642179159202 -0.012208041350244378 -0.009393193418460177 -0.006930783039372737 -0.004830528221779984 -0.0031007177119317664 -0.0017481782816352598 -0.0007782477861053433 -0.00019475409788875797 0.0 -0.00019475409788875797 -0.0007782477861053294 -0.0017481782816352598 -0.0031007177119317803 -0.00483052822177997 -0.006930783039372723
-0.15138527485246794 -0.14604847173455737 -0.14052402161223834 -0.13483372696626234 -0.1290000447899487 -0.12304599796169152 -0.11699508438417658 -0.11087118424889503 -0.10469846579193683 -0.09850128991300483 -0.09230411403407283 -0.08613139557711463 -0.08000749544183303 -0.07395658186431817 -0.06800253503606096 -0.06216885285974733 -0.05647855821377135 -0.05095410809145223 -0.04561730497354174 -0.04048921078379275 -0.035590063767168764 -0.03093919861873716 -0.026554970178460507 -0.022454680993029177 -0.018654513030614175 -0.015169463818031442 -0.01201328725235562 -0.00919843932057142 -0.006736028941483979 -0.004635774123891226 -0.0029059636140430084 -0.0015534241837465018 -0.0005834936882165853 0.0 0.00019475409788875797 0.0 -0.0005834936882165714 -0.0015534241837465018 -0.0029059636140430223 -0.004635774123891212 -0.006736028941483965
-0.15080178116425136 -0.1454649780463408 -0.13994052792402176 -0.13425023327804575 -0.1284165511017321 -0.12246250427347494 -0.11641159069596 -0.11028769056067844 -0.10411497210372024 -0.09791779622478824 -0.09172062034585625 -0.08554790188889805 -0.07942400175361644 -0.07337308817610158 -0.06741904134784438 -0.06158535917153075 -0.05589506452555477 -0.05037061440323565 -0.04503381128532515 -0.039905717095576165 -0.03500657007895218 -0.030355704930520575 -0.025971476490243922 -0.021871187304812592 -0.01807101934239759 -0.014585970129814857 -0.011429793564139035 -0.008614945632354834 -0.006152535253267394 -0.004052280435674641 -0.002322469925826423 -0.0009699304955299165 0.0 0.0005834936882165853 0.0007782477861053433 0.0005834936882165853 1.3877787807814457e-17 -0.0009699304955299165 -0.002322469925826437 -0.004052280435674627 -0.00615253525326738
-0.14983185066872143 -0.14449504755081086 -0.13897059742849183 -0.1332803027825158 -0.12744662060620218 -0.121492573777945 -0.11544166020043006 -0.10931776006514851 -0.10314504160819031 -0.09694786572925831 -0.09075068985032632 -0.08457797139336812 -0.07845407125808651 -0.07240315768057165 -0.06644911085231445 -0.06061542867600082 -0.05492513403002484 -0.04940068390770572 -0.04406388078979522 -0.038935786600046235 -0.03403663958342225 -0.029385774434990644 -0.025001545994713992 -0.02090125680928266 -0.01710108884686766 -0.013616039634284927 -0.010459863068609104 -0.007645015136824904 -0.005182604757737463 -0.00308234994014471 -0.0013525394302964927 1.3877787807814457e-17 0.0009699304955299304 0.0015534241837465157 0.0017481782816352737 0.0015534241837465157 0.0009699304955299443 1.3877787807814457e-17 -0.0013525394302965066 -0.0030823499401446963 -0.0051826047577374496
-0.14847931123842492 -0.14314250812051435 -0.13761805799819532 -0.13192776335221928 -0.12609408117590568 -0.1201400343476485 -0.11408912077013356 -0.107965220634852 -0.1017925021778938 -0.09559532629896181 -0.08939815042002981 -0.08322543196307161 -0.07710153182779 -0.07105061825027514 -0.06509657142201794 -0.05926288924570431 -0.05357259459972833 -0.04804814447740921 -0.042711341359498715 -0.03758324716974973 -0.03268410015312574 -0.028033235004694138 -0.023649006564417485 -0.019548717378986155 -0.015748549416571153 -0.01226350020398842 -0.009107323638312598 -0.006292475706528397 -0.003830065327440957 -0.0017298105098482036 1.3877787807814457e-17 0.0013525394302965205 0.002322469925826437 0.0029059636140430223 0.0031007177119317803 0.0029059636140430223 0.002322469925826451 0.0013525394302965205 0.0 -0.0017298105098481897 -0.003830065327440943
-0.14674950072857673 -0.14141269761066616 -0.1358882474883471 -0.1301979528423711 -0.12436427066605746 -0.1184102238378003 -0.11235931026028535 -0.10623541012500379 -0.1000626916680456 -0.0938655157891136 -0.08766833991018161 -0.08149562145322341 -0.0753717213179418 -0.06932080774042695 -0.06336676091216974 -0.05753307873585611 -0.05184278408988013 -0.04631833396756101 -0.04098153084965051 -0.035853436659901525 -0.03095428964327754 -0.026303424494845934 -0.02191919605456928 -0.01781890686913795 -0.01401873890672295 -0.010533689694140216 -0.007377513128464394 -0.0045626651966801934 -0.0021002548175927532 0.0 0.0017298105098482175 0.003082349940144724 0.004052280435674641 0.004635774123891226 0.004830528221779984 0.004635774123891226 0.0040522804356746545 0.003082349940144724 0.0017298105098482036 1.3877787807814457e-17 -0.0021002548175927394
-0.14464924591098396 -0.1393124427930734 -0.13378799267075434 -0.12809769802477833 -0.12226401584846469 -0.11630996902020753 -0.11025905544269259 -0.10413515530741102 -0.09796243685045283 -0.09176526097152084 -0.08556808509258884 -0.07939536663563064 -0.07327146650034903 -0.06722055292283419 -0.06126650609457697 -0.05543282391826334 -0.04974252927228736 -0.04421807914996824 -0.038881276032057745 -0.03375318184230876 -0.02885403482568477 -0.024203169677253167 -0.019818941236976514 -0.015718652051545184 -0.011918484089130182 -0.00843343487654745 -0.005277258310871627 -0.0024624103790874263 1.3877787807814457e-17 0.002100254817592767 0.0038300653274409846 0.005182604757737491 0.006152535253267408 0.006736028941483993 0.006930783039372751 0.006736028941483993 0.006152535253267422 0.005182604757737491 0.0038300653274409707 0.002100254817592781 2.7755575615628914e-17
-0.1421868355318965 -0.13685003241398594 -0.1313255822916669 -0.12563528764569087 -0.11980160546937725 -0.11384755864112009 -0.10779664506360515 -0.1016727449283236 -0.09550002647136539 -0.0893028505924334 -0.0831056747135014 -0.0769329562565432 -0.0708090561212616 -0.06475814254374673 -0.05880409571548953 -0.0529704135391759 -0.04728011889319992 -0.0417556687708808 -0.036418865652970304 -0.03129077146322132 -0.02639162444659733 -0.021740759298165727 -0.017356530857889074 -0.013256241672457744 -0.009456073710042742 -0.005971024497460009 -0.002814847931784187 1.3877787807814457e-17 0.002462410379087454 0.004562665196680207 0.006292475706528425 0.007645015136824931 0.008614945632354848 0.009198439320571433 0.009393193418460191 0.009198439320571433 0.008614945632354862 0.007645015136824931 0.006292475706528411 0.004562665196680221 0.002462410379087468
-0.13937198760011235 -0.13403518448220178 -0.12851073435988272 -0.12282043971390671 -0.11698675753759308 -0.11103271070933592 -0.10498179713182097 -0.09885789699653941 -0.09268517853958122 -0.08648800266064922 -0.08029082678171723 -0.07411810832475903 -0.06799420818947742 -0.06194329461196257 -0.055989247783705356 -0.050155565607391726 -0.04446527096141575 -0.038940820839096627 -0.03360401772118613 -0.028475923531437144 -0.023576776514813158 -0.018925911366381554 -0.014541682926104901 -0.010441393740673571 -0.006641225778258569 -0.003156176565675836 -1.3877787807814457e-17 0.002814847931784187 0.005277258310871627 0.00737751312846438 0.009107323638312598 0.010459863068609104 0.01142979356413902 0.012013287252355606 0.012208041350244364 0.012013287252355606 0.011429793564139035 0.010459863068609104 0.009107323638312584 0.007377513128464394 0.005277258310871641
-0.13621581103443647 -0.1308790079165259 -0.12535455779420687 -0.11966426314823085 -0.11383058097191721 -0.10787653414366005 -0.10182562056614511 -0.09570172043086356 -0.08952900197390536 -0.08333182609497336 -0.07713465021604136 -0.07096193175908316 -0.06483803162380156 -0.0587871180462867 -0.05283307121802949 -0.04699938904171586 -0.04130909439573988 -0.03578464427342076 -0.030447841155510268 -0.02531974696576128 -0.020420599949137294 -0.01576973480070569 -0.011385506360429037 -0.007285217174997707 -0.0034850492125827054 2.7755575615628914e-17 0.00315617656567585 0.005971024497460051 0.008433434876547491 0.010533689694140244 0.012263500203988462 0.013616039634284968 0.014585970129814885 0.01516946381803147 0.015364217915920228 0.01516946381803147 0.014585970129814899 0.013616039634284968 0.012263500203988448 0.010533689694140258 0.008433434876547505
-0.13273076182185378 -0.1273939587039432 -0.12186950858162415 -0.11617921393564815 -0.11034553175933451 -0.10439148493107735 -0.0983405713535624 -0.09221667121828084 -0.08604395276132265 -0.07984677688239065 -0.07364960100345866 -0.06747688254650046 -0.06135298241121885 -0.055302068833704 -0.04934802200544679 -0.04351433982913316 -0.03782404518315718 -0.03229959506083806 -0.026962791942927562 -0.021834697753178575 -0.01693555073655459 -0.012284685588122984 -0.007900457147846332 -0.003800167962415002 0.0 0.003485049212582733 0.006641225778258555 0.009456073710042756 0.011918484089130196 0.01401873890672295 0.015748549416571167 0.017101088846867674 0.01807101934239759 0.018654513030614175 0.018849267128502933 0.018654513030614175 0.018071019342397604 0.017101088846867674 0.015748549416571153 0.014018738906722963 0.01191848408913021
-0.12893059385943875 -0.12359379074152818 -0.11806934061920915 -0.11237904597323313 -0.10654536379691949 -0.10059131696866233 -0.09454040339114739 -0.08841650325586584 -0.08224378479890763 -0.07604660891997564 -0.06984943304104364 -0.06367671458408544 -0.057552814448803835 -0.05150190087128898 -0.04554785404303177 -0.03971417186671814 -0.03402387722074216 -0.02849942709842304 -0.023162623980512546 -0.01803452979076356 -0.013135382774139573 -0.008484517625707969 -0.004100289185431316 1.3877787807814457e-17 0.003800167962415016 0.007285217174997749 0.010441393740673571 0.013256241672457772 0.015718652051545212 0.017818906869137965 0.019548717378986183 0.02090125680928269 0.021871187304812606 0.02245468099302919 0.02264943509091795 0.02245468099302919 0.02187118730481262 0.02090125680928269 0.01954871737898617 0.01781890686913798 0.015718652051545226
-0.12483030467400744 -0.11949350155609686 -0.11396905143377783 -0.10827875678780181 -0.10244507461148818 -0.09649102778323101 -0.09044011420571607 -0.08431621407043452 -0.07814349561347632 -0.07194631973454432 -0.06574914385561233 -0.059576425398654126 -0.05345252526337252 -0.047401611685857666 -0.041447564857600455 -0.035613882681286825 -0.029923588035310845 -0.024399137912991725 -0.01906233479508123 -0.013934240605332243 -0.009035093588708257 -0.004384228440276652 0.0 0.00410028918543133 0.007900457147846332 0.011385506360429065 0.014541682926104887 0.017356530857889088 0.01981894123697653 0.02191919605456928 0.0236490065644175 0.025001545994714006 0.025971476490243922 0.026554970178460507 0.026749724276349265 0.026554970178460507 0.025971476490243936 0.025001545994714006 0.023649006564417485 0.021919196054569295 0.019818941236976542
-0.1204460762337308 -0.11510927311582023 -0.1095848229935012 -0.10389452834752518 -0.09806084617121154 -0.09210679934295438 -0.08605588576543943 -0.07993198563015788 -0.07375926717319968 -0.06756209129426768 -0.06136491541533569 -0.05519219695837749 -0.04906829682309588 -0.04301738324558103 -0.03706333641732382 -0.031229654241010187 -0.025539359595034207 -0.020014909472715087 -0.014678106354804592 -0.009550012165055605 -0.004650865148431618 -1.3877787807814457e-17 0.0043842284402766385 0.008484517625707969 0.01228468558812297 0.015769734800705704 0.018925911366381526 0.021740759298165727 0.024203169677253167 0.02630342449484592 0.028033235004694138 0.029385774434990644 0.03035570493052056 0.030939198618737146 0.031133952716625904 0.030939198618737146 0.030355704930520575 0.029385774434990644 0.028033235004694124 0.026303424494845934 0.02420316967725318
