test/standards/AN_LCSD_Synth.asc
ncols         101
nrows         101
xllcorner     0.0
yllcorner     0.0
cellsize      1
NODATA_value  -9999.
[rows 0 to 28 of 101, columns 0 to 63 of 101]
0.0 0.0 0.0 0.0 0.0 0.0 0.0 0.0 0.0 0.0 0.0 0.0 0.0 0.0 0.0 0.0 0.0 0.0 0.0 0.0 0.0 0.0 0.0 0.0 0.0 0.0 0.0 0.0 0.0 0.0 0.0 0.0 0.0 0.0 0.0 0.0 0.0 0.0 0.0 0.0 0.0 0.0 0.0 0.0 0.0 0.0 0.0 0.0 0.0 0.0 0.0 0.0 7.246894914531579 6.379796407768509 5.85610322355452 5.470019732889689 5.157625064633031 4.890913584048244 4.655352495938307 4.442634327653642 4.247739893530802 4.067559417693308 3.9001733108550174 3.7444453303986363
0.0 0.0 0.0 0.0 0.0 0.0 0.0 0.0 0.0 0.0 0.0 0.0 0.0 0.0 0.0 0.0 0.0 0.0 0.0 0.0 0.0 0.0 0.0 0.0 0.0 0.0 0.0 0.0 0.0 0.0 0.0 0.0 0.0 0.0 0.0 0.0 0.0 0.0 0.0 0.0 0.0 0.0 0.0 0.0 0.0 0.0 0.0 0.0 0.0 0.0 0.0 7.269895777822003 6.409938355374662 5.892648752582996 5.512174134603414 5.204583072349475 4.941851340533767 4.709418546634991 4.498943424004175 4.305369263674547 4.125546994834729 3.9575176457556793 3.8001071326731037 3.6526818645148906
7.2698957778220095 0.0 0.0 0.0 0.0 0.0 0.0 0.0 0.0 0.0 0.0 0.0 0.0 0.0 0.0 0.0 0.0 0.0 0.0 0.0 0.0 0.0 0.0 0.0 0.0 0.0 0.0 0.0 0.0 0.0 0.0 0.0 0.0 0.0 0.0 0.0 0.0 0.0 0.0 0.0 0.0 0.0 0.0 0.0 0.0 0.0 0.0 0.0 0.0 0.0 7.269895777822012 6.420007735545438 5.910983124944564 5.537583773167832 5.236075828857473 4.978507941986134 4.750340181115986 4.543225656611378 4.352087835051303 4.173749878898812 4.006220903900484 3.8482934448901953 3.699301270992168 3.5589652458115895
6.409938355374661 7.246894914531583 0.0 0.0 0.0 0.0 0.0 0.0 0.0 0.0 0.0 0.0 0.0 0.0 0.0 0.0 0.0 0.0 0.0 0.0 0.0 0.0 0.0 0.0 0.0 0.0 0.0 0.0 0.0 0.0 0.0 0.0 0.0 0.0 0.0 0.0 0.0 0.0 0.0 0.0 0.0 0.0 0.0 0.0 0.0 0.0 0.0 0.0 0.0 7.2468949145315875 6.409938355374662 5.910983124944561 5.546073088349266 5.251878175277661 5.000610244923946 4.777797120801485 4.575113915320678 4.387481589314312 4.211706843262408 4.045774298911073 3.8884477207596655 3.739030555342372 3.5972140707871563 3.4629760534255793
5.892648752583001 6.3797964077685165 7.201042040152137 0.0 0.0 0.0 0.0 0.0 0.0 0.0 0.0 0.0 0.0 0.0 0.0 0.0 0.0 0.0 0.0 0.0 0.0 0.0 0.0 0.0 0.0 0.0 0.0 0.0 0.0 0.0 0.0 0.0 0.0 0.0 0.0 0.0 0.0 0.0 0.0 0.0 0.0 0.0 0.0 0.0 0.0 0.0 0.0 0.0 7.2010420401521404 6.379796407768518 5.892648752583001 5.537583773167832 5.251878175277664 5.007995672347697 4.791578085235369 4.594349441226984 4.411245023354245 4.239066061238159 4.075779957541565 3.920126358721855 3.771380960206932 3.6292061413635617 3.49355183728818 3.3645865290930574
5.512174134603411 5.856103223554519 6.329781146190987 7.132636332378134 0.0 0.0 0.0 0.0 0.0 0.0 0.0 0.0 0.0 0.0 0.0 0.0 0.0 0.0 0.0 0.0 0.0 0.0 0.0 0.0 0.0 0.0 0.0 0.0 0.0 0.0 0.0 0.0 0.0 0.0 0.0 0.0 0.0 0.0 0.0 0.0 0.0 0.0 0.0 0.0 0.0 0.0 0.0 7.132636332378134 6.329781146190989 5.85610322355452 5.512174134603413 5.236075828857469 5.000610244923945 4.791578085235366 4.60077831309292 4.423176753374213 4.255579752193061 4.095944539831865 3.942991243582192 3.7959705175630565 3.65451691670455 3.5185519844759727 3.3882172696714243 3.2638257876023227
5.2045830723494735 5.47001973288969 5.801594283700898 6.260226968271025 7.042130371989842 0.0 0.0 0.0 0.0 0.0 0.0 0.0 0.0 0.0 0.0 0.0 0.0 0.0 0.0 0.0 0.0 0.0 0.0 0.0 0.0 0.0 0.0 0.0 0.0 0.0 0.0 0.0 0.0 0.0 0.0 0.0 0.0 0.0 0.0 0.0 0.0 0.0 0.0 0.0 0.0 0.0 7.042130371989851 6.260226968271025 5.801594283700899 5.470019732889692 5.204583072349475 4.978507941986132 4.777797120801485 4.594349441226982 4.4231767533742135 4.2611006092104855 4.1060748031909835 3.9568044040028703 3.812517773150157 3.6728229409599846 3.537612978470641 3.4070009725665837 3.281273368276907 3.1608548242336068
4.941851340533769 5.1576250646330335 5.411415353853052 5.7294969521742365 6.171607092410597 6.930135100038862 0.0 0.0 0.0 0.0 0.0 0.0 0.0 0.0 0.0 0.0 0.0 0.0 0.0 0.0 0.0 0.0 0.0 0.0 0.0 0.0 0.0 0.0 0.0 0.0 0.0 0.0 0.0 0.0 0.0 0.0 0.0 0.0 0.0 0.0 0.0 0.0 0.0 0.0 0.0 6.930135100038863 6.171607092410601 5.729496952174236 5.4114153538530525 5.157625064633034 4.94185134053377 4.750340181115985 4.57511391532068 4.411245023354244 4.2555797521930625 4.106074803190984 3.961424428467958 3.820837396184713 3.6838966420473724 3.5504670152582474 3.4206321714309533 3.2946496562874583 3.1729175159140146 3.0559481693035857
4.70941854663499 4.890913584048243 5.0955428668760865 5.336778483137449 5.640317933451704 6.064539155213822 6.797427102556664 0.0 0.0 0.0 0.0 0.0 0.0 0.0 0.0 0.0 0.0 0.0 0.0 0.0 0.0 0.0 0.0 0.0 0.0 0.0 0.0 0.0 0.0 0.0 0.0 0.0 0.0 0.0 0.0 0.0 0.0 0.0 0.0 0.0 0.0 0.0 0.0 0.0 6.79742710255667 6.064539155213823 5.640317933451706 5.336778483137449 5.0955428668760865 4.890913584048244 4.70941854663499 4.543225656611376 4.387481589314311 4.239066061238156 4.095944539831865 3.95680440400287 3.820837396184712 3.687602823972668 3.5569377846815926 3.4288959592372454 3.3037043254579324 3.1817313332804535 3.06346242789932 2.949480156752742
4.498943424004172 4.655352495938305 4.8260818416231155 5.018797741109569 5.246654582696832 5.534702089078544 5.939793235659307 6.644958890694924 0.0 0.0 0.0 0.0 0.0 0.0 0.0 0.0 0.0 0.0 0.0 0.0 0.0 0.0 0.0 0.0 0.0 0.0 0.0 0.0 0.0 0.0 0.0 0.0 0.0 0.0 0.0 0.0 0.0 0.0 0.0 0.0 0.0 0.0 0.0 6.644958890694927 5.93979323565931 5.534702089078545 5.246654582696833 5.018797741109569 4.8260818416231155 4.655352495938307 4.498943424004173 4.352087835051301 4.211706843262406 4.075779957541561 3.942991243582192 3.8125177731501565 3.68389664204737 3.5569377846815926 3.431664670343377 3.3082725600757232 3.1870980855570923 3.0685961951830745 2.9533218275803486 2.8419144437960013
4.305369263674545 4.44263432765364 4.588575632481612 4.747862542381569 4.927977433738312 5.141724632686923 5.413441552318779 5.798303044838315 6.473873137161405 0.0 0.0 0.0 0.0 0.0 0.0 0.0 0.0 0.0 0.0 0.0 0.0 0.0 0.0 0.0 0.0 0.0 0.0 0.0 0.0 0.0 0.0 0.0 0.0 0.0 0.0 0.0 0.0 0.0 0.0 0.0 0.0 0.0 6.4738731371614024 5.798303044838316 5.41344155231878 5.141724632686924 4.927977433738315 4.747862542381569 4.588575632481612 4.442634327653641 4.305369263674545 4.17374987889881 4.045774298911073 3.920126358721853 3.795970517563057 3.6728229409599846 3.550467015258245 3.4288959592372454 3.3082725600757232 3.188900022621889 3.071200140377829 2.9556962768793813 2.8429993966600224 2.7337958250706977
4.125546994834728 4.247739893530801 4.3747791217558145 4.50964117976596 4.656888823284745 4.823804988949831 5.022815614294233 5.277488325442899 5.641181336104209 6.285522231861166 0.0 0.0 0.0 0.0 0.0 0.0 0.0 0.0 0.0 0.0 0.0 0.0 0.0 0.0 0.0 0.0 0.0 0.0 0.0 0.0 0.0 0.0 0.0 0.0 0.0 0.0 0.0 0.0 0.0 0.0 0.0 6.285522231861173 5.641181336104208 5.277488325442901 5.022815614294233 4.823804988949832 4.656888823284746 4.50964117976596 4.374779121755814 4.2477398935308015 4.125546994834728 4.0062209039004815 3.888447720759665 3.77138096020693 3.65451691670455 3.5376129784706403 3.420632171430953 3.303704325457933 3.1870980855570923 3.071200140377829 2.95649928420275 2.843573660451217 2.7330799644080987 2.6257436273767882
3.9575176457556793 4.067559417693309 4.179728618788155 4.295979692549629 4.419230761544924 4.553930826995418 4.70715087452002 4.890914896746505 5.127971552372181 5.4697410303738785 6.081495082977432 0.0 0.0 0.0 0.0 0.0 0.0 0.0 0.0 0.0 0.0 0.0 0.0 0.0 0.0 0.0 0.0 0.0 0.0 0.0 0.0 0.0 0.0 0.0 0.0 0.0 0.0 0.0 0.0 0.0 6.081495082977434 5.469741030373879 5.1279715523721805 4.890914896746505 4.707150874520021 4.553930826995418 4.419230761544925 4.295979692549629 4.179728618788156 4.067559417693309 3.9575176457556793 3.848293444890196 3.739030555342374 3.6292061413635617 3.5185519844759745 3.407000972566585 3.294649656287458 3.1817313332804553 3.0685961951830762 2.955696276879384 2.8435736604512187 2.7328508083277514 2.624222141751715 2.518446105757192
3.800107132673101 3.900173310855016 4.000365299550084 4.101988021599863 4.206969342802337 4.318166405096807 4.439909753638464 4.579049527924149 4.747189891729027 4.966221155848282 5.285524175026169 5.863653890938044 0.0 0.0 0.0 0.0 0.0 0.0 0.0 0.0 0.0 0.0 0.0 0.0 0.0 0.0 0.0 0.0 0.0 0.0 0.0 0.0 0.0 0.0 0.0 0.0 0.0 0.0 0.0 5.863653890938048 5.28552417502617 4.966221155848283 4.747189891729027 4.57904952792415 4.439909753638464 4.318166405096807 4.206969342802338 4.101988021599863 4.000365299550085 3.900173310855017 3.8001071326731015 3.6993012709921658 3.597214070787155 3.4935518372881775 3.3882172696714234 3.2812733682769064 3.172917515914013 3.063462427899319 2.9533218275803486 2.8429993966600224 2.7330799644080983 2.6242221417517135 2.5171517345294703 2.412655319990949
3.6526818645148893 3.7444453303986345 3.8348163729324654 3.924669975436278 4.015306326981564 4.108626720994058 4.20742680644192 4.315916939409473 4.440721886574123 4.593014905351619 4.793800238303304 5.090341751996181 5.6341847756506125 0.0 0.0 0.0 0.0 0.0 0.0 0.0 0.0 0.0 0.0 0.0 0.0 0.0 0.0 0.0 0.0 0.0 0.0 0.0 0.0 0.0 0.0 0.0 0.0 0.0 5.634184775650617 5.090341751996183 4.793800238303304 4.5930149053516205 4.440721886574123 4.315916939409473 4.20742680644192 4.108626720994058 4.015306326981566 3.924669975436278 3.834816372932466 3.744445330398635 3.6526818645148893 3.558965245811587 3.462976053425578 3.364586529093056 3.2638257876023222 3.1608548242336054 3.055948169303584 2.9494801567527413 2.8419144437960013 2.7337958250706973 2.625743627376788 2.5184461057571896 2.412655319990949 2.3091819713973276
3.514992505650841 3.5997764497090814 3.6819876139346897 3.7622067969973747 3.8413197378573094 3.920623466378269 4.001994581616879 4.088169314811905 4.183239755316752 4.293606116237101 4.430007934260025 4.612549675712034 4.886328657687376 5.395667813717719 0.0 0.0 0.0 0.0 0.0 0.0 0.0 0.0 0.0 0.0 0.0 0.0 0.0 0.0 0.0 0.0 0.0 0.0 0.0 0.0 0.0 0.0 0.0 5.395667813717717 4.886328657687378 4.612549675712036 4.430007934260026 4.293606116237102 4.183239755316751 4.088169314811904 4.00199458161688 3.920623466378269 3.8413197378573103 3.7622067969973747 3.6819876139346905 3.599776449709082 3.5149925056508415 3.4272898585822076 3.336509674825778 3.2426466576839705 3.145824905910472 3.0462801830160533 2.9443466666133156 2.840446892685302 2.7350840060379724 2.628835670504177 2.5223491336823303 2.4163370106363082 2.3115733652928148 2.2088896363303063
3.387068320538001 3.4659466679250817 3.5413159262750846 3.6135500116328028 3.6832517552587123 3.751320218676449 3.819052595244757 3.8883050364668987 3.9617596870654954 4.043396865898259 4.139399694289542 4.260081346373691 4.424649849905766 4.676020107204803 5.151174507967223 0.0 0.0 0.0 0.0 0.0 0.0 0.0 0.0 0.0 0.0 0.0 0.0 0.0 0.0 0.0 0.0 0.0 0.0 0.0 0.0 0.0 5.151174507967223 4.676020107204801 4.424649849905767 4.260081346373692 4.139399694289542 4.04339686589826 3.9617596870654945 3.8883050364668987 3.819052595244757 3.7513202186764496 3.6832517552587127 3.6135500116328028 3.5413159262750837 3.465946667925082 3.387068320538001 3.30448984603027 3.2181706715861877 3.1281973091896687 3.0347661490878814 2.938170589758713 2.838791286939129 2.7370886890249584 2.633597266385474 2.5289209884623047 2.423729683103397 2.31875594245933 2.214792226140283 2.1126877580410612
3.26914141378548 3.343007123056706 3.41260930861459 3.4781730624944096 3.540102749503777 3.5990264771795646 3.655860894428111 3.7119089456475076 3.769013633514484 3.8298125206069384 3.89818647865853 3.9801173953426403 4.085512163420405 4.232706736066519 4.462458616047023 4.904404402011842 0.0 0.0 0.0 0.0 0.0 0.0 0.0 0.0 0.0 0.0 0.0 0.0 0.0 0.0 0.0 0.0 0.0 0.0 0.0 4.904404402011845 4.462458616047023 4.232706736066519 4.085512163420405 3.9801173953426416 3.89818647865853 3.829812520606939 3.769013633514484 3.7119089456475076 3.655860894428111 3.599026477179565 3.540102749503778 3.4781730624944096 3.4126093086145906 3.343007123056706 3.26914141378548 3.19093494514957 3.1084356007505742 3.02179959821714 2.93127890137079 2.837211669304568 2.7400149540725716 2.6401790952692687 2.5382634092026892 2.4348928598495387 2.3307554429723676 2.226600020451657 2.123234310683619 2.0215226713512697
3.1615888809732966 3.2312018200951815 3.2959366845341997 3.355909520624363 3.4113823271106702 3.4627936849595247 3.5108019371368107 3.556347840664792 3.600748670236801 3.645845590074233 3.6942465421699757 3.7497528456257196 3.818171827134054 3.9090403710841666 4.039873053981622 4.249345199911303 4.659878261724084 0.0 0.0 0.0 0.0 0.0 0.0 0.0 0.0 0.0 0.0 0.0 0.0 0.0 0.0 0.0 0.0 0.0 4.6598782617240815 4.249345199911304 4.039873053981622 3.9090403710841666 3.818171827134054 3.74975284562572 3.694246542169976 3.645845590074233 3.600748670236801 3.556347840664792 3.51080193713681 3.4627936849595247 3.4113823271106707 3.355909520624363 3.2959366845342 3.2312018200951815 3.1615888809732966 3.0871055178203237 3.0078665854546527 2.9240817280647358 2.8360459270814187 2.7441322560476573 2.6487863188638303 2.550521998563694 2.449918239709696 2.3476166432047143 2.2443196749042325 2.1407892807825957 2.0378456596193293 1.9363658645577988
3.0648856725499027 3.1309070627792956 3.191547032266584 3.2468406079019982 3.296945880626552 3.342166005972509 3.3829793502124463 3.4200817880830625 3.454447761885683 3.487421491394477 3.52085900085795 3.5573608657219933 3.6006787959249467 3.6564864476119885 3.734007972058777 3.8500207991566224 4.041255748798588 4.423214686173952 0.0 0.0 0.0 0.0 0.0 0.0 0.0 0.0 0.0 0.0 0.0 0.0 0.0 0.0 0.0 4.4232146861739485 4.041255748798588 3.8500207991566224 3.734007972058777 3.6564864476119885 3.600678795924947 3.557360865721994 3.5208590008579495 3.4874214913944774 3.454447761885683 3.420081788083062 3.382979350212447 3.3421660059725093 3.2969458806265526 3.2468406079019982 3.1915470322665844 3.130907062779296 3.0648856725499027 2.9935545258468395 2.917079601238848 2.835711726511646 2.7497792897569417 2.6596826187714586 2.565889672115091 2.4689327855666514 2.369406281968422 2.267964788266967 2.1653221137504644 2.0622505270200304 1.9595802217657414 1.8581986757696483
2.9795638087731335 3.042581558021856 3.099806098706099 3.15121174640214 3.196879868909435 3.2370153787415687 3.271968800305033 3.302266366807808 3.3286520259140477 3.352147711850323 3.3741427716603543 3.3965321954789705 3.4219414247383333 3.454116161545219 3.4986564146896586 3.564558730810836 3.667991175559347 3.843956624176731 4.201534665127101 0.0 0.0 0.0 0.0 0.0 0.0 0.0 0.0 0.0 0.0 0.0 0.0 0.0 4.201534665127097 3.8439566241767293 3.667991175559347 3.564558730810836 3.4986564146896586 3.454116161545218 3.421941424738333 3.396532195478971 3.3741427716603547 3.352147711850324 3.3286520259140473 3.302266366807807 3.2719688003050336 3.2370153787415687 3.1968798689094355 3.15121174640214 3.0998060987060994 3.0425815580218565 2.9795638087731335 2.910873068147679 2.8367144687057557 2.7573706129525895 2.6731957948598217 2.584611535264977 2.492103181945599 2.396217395719113 2.2975603894675753 2.196796811384295 2.094649167341993 1.9918976572691152 1.88938025079049 1.7879927389555714
2.9061754224227223 2.9667231028707497 3.0211439596525542 3.0693667625024665 3.1114160025213375 3.1474248068326913 3.1776518905900453 3.202504150143983 3.2225673336390823 3.2386486029050836 3.251837180441647 3.263593596642277 3.27588636761989 3.2914120681559043 3.3139730975985446 3.3491823672756627 3.405932034737748 3.49996687969634 3.6648806515683034 4.004078288537616 0.0 0.0 0.0 0.0 0.0 0.0 0.0 0.0 0.0 0.0 0.0 4.0040782885376185 3.6648806515683017 3.499966879696338 3.4059320347377486 3.349182367275663 3.3139730975985446 3.291412068155904 3.27588636761989 3.263593596642277 3.2518371804416475 3.238648602905084 3.2225673336390823 3.202504150143983 3.1776518905900457 3.1474248068326913 3.111416002521337 3.0693667625024665 3.0211439596525542 2.96672310287075 2.9061754224227223 2.839657911079562 2.767405578071474 2.689725398785112 2.6069915976407345 2.5196420093215086 2.428175339387599 2.333149198156994 2.235178816381167 2.1349363694045986 2.033150837133682 1.9306083063557047 1.8281525726136207 1.726685810184411
2.8452584226446564 2.903829702855539 2.9560097292099416 3.0016934415061356 3.040863475882326 3.0736007350863446 3.1000980618599523 3.120678141129875 3.135817282997968 3.1461775680306485 3.1526511936562547 3.1564231803689147 3.1590627688087656 3.162661804952599 3.1700547310558296 3.1851911747907673 3.213822013724364 3.2649131528183237 3.3540550508049343 3.5138922813661533 3.843227651801503 0.0 0.0 0.0 0.0 0.0 0.0 0.0 0.0 0.0 3.8432276518015054 3.5138922813661546 3.354055050804933 3.2649131528183237 3.213822013724364 3.1851911747907677 3.1700547310558296 3.1626618049525983 3.159062768808765 3.156423180368915 3.1526511936562542 3.1461775680306485 3.135817282997968 3.120678141129875 3.1000980618599527 3.0736007350863446 3.0408634758823263 3.0016934415061356 2.9560097292099416 2.9038297028555395 2.8452584226446564 2.7804803972141503 2.7097531099481733 2.6334019321964237 2.551816149754431 2.465445910682192 2.3747999617650635 2.280444083311716 2.183000160425203 2.083145843919953 1.9816147538843591 1.879197158988884 1.776741017144396 1.6751531760473914
2.7973045900346287 2.8543643546874735 2.9048317322121404 2.948577242094846 2.9855535164867244 3.0158043452590477 3.0394762551463126 3.0568334773479364 3.0682775227133483 3.0743731331872457 3.075883232305555 3.073816874610172 3.0694965132871594 3.064655020990551 3.061580668114377 3.063344044520165 3.0741758855763446 3.1001508947766068 3.1505749265659335 3.241287916080179 3.4046740872795125 3.736497934357831 0.0 0.0 0.0 0.0 0.0 0.0 0.0 3.736497934357831 3.404674087279514 3.2412879160801795 3.1505749265659326 3.1001508947766063 3.074175885576345 3.063344044520166 3.061580668114377 3.064655020990551 3.06949651328716 3.073816874610173 3.075883232305555 3.0743731331872453 3.0682775227133483 3.0568334773479364 3.0394762551463126 3.015804345259048 2.9855535164867244 2.948577242094846 2.904831732212141 2.854364354687474 2.7973045900346287 2.7338569147681406 2.6642951810298876 2.5889581842068403 2.5082462002333292 2.422618340711092 2.3325906233952702 2.238734691897314 2.1416771434920854 2.0420994376076718 1.940738357721796 1.8383869811427938 1.735896066194507 1.6341756818205453
2.7627307049462067 2.8187237440438753 2.8679828448148617 2.9103620028417385 2.9457936468588857 2.9742967311628172 2.9959870252288314 3.0110903035937366 3.0199594191154864 3.0230966492558724 3.021183309584144 3.0151195538855284 3.006078746522649 2.9955832187541707 2.9856124529365498 2.9787626109494347 2.978492131962065 2.989522874306231 3.018551348828676 3.075662631327759 3.1776356843531497 3.35780252924715 3.7115559909936735 0.0 0.0 0.0 0.0 0.0 3.7115559909936784 3.357802529247151 3.1776356843531506 3.0756626313277593 3.018551348828675 2.9895228743062296 2.9784921319620654 2.9787626109494343 2.9856124529365498 2.99558321875417 3.006078746522649 3.015119553885529 3.0211833095841443 3.0230966492558724 3.0199594191154864 3.0110903035937366 2.9959870252288314 2.9742967311628172 2.9457936468588857 2.9103620028417385 2.867982844814861 2.8187237440438757 2.7627307049462067 2.7002217638458896 2.6314819141328822 2.55685909621844 2.476761067278842 2.391653023491567 2.3020558912734947 2.2085452369181517 2.111750767298555 2.012356407561252 1.9111009426004755 1.8087791925706664 1.7062436502002598 1.6044064258257562
2.741853865679502 2.7972118069903287 2.8457516368761184 2.887317778782126 2.92183099358353 2.9492959492799438 2.9698108099380636 2.9835794704673857 2.9909273029875485 2.99232161934464 2.9883985431626203 2.979998705472764 2.968215268821284 2.9544594919309657 2.9405518346708197 2.9288514064231856 2.9224454044437014 2.925437809545474 2.94341508557762 2.9842600772636705 3.059743472018207 3.189168987928014 3.4099480732013414 3.8245551403606535 0.0 0.0 0.0 3.824555140360663 3.409948073201345 3.189168987928014 3.0597434720182073 2.9842600772636705 2.9434150855776195 2.925437809545474 2.922445404443702 2.9288514064231865 2.9405518346708197 2.954459491930966 2.9682152688212846 2.9799987054727635 2.9883985431626208 2.9923216193446396 2.990927302987548 2.983579470467385 2.969810809938064 2.9492959492799438 2.92183099358353 2.887317778782126 2.8457516368761184 2.797211806990329 2.7418538656795026 2.6799037215659363 2.611652844577414 2.537454492787445 2.4577207696333976 2.372920397522041 2.2835771347629246 2.190268793940238 2.0936268422845625 1.9943365778040223 1.8931378764206566 1.7908264900761355 1.6882558350337842 1.5863391297267475
2.7348724195180822 2.790019461315591 2.8383204514546514 2.8796166772448943 2.9138250824172913 2.9409456701826344 2.9610708699157993 2.974397470707885 2.9812419520344164 2.982060360625014 2.97747433772728 2.968305562773332 2.9556218639058476 2.940799752787112 2.92561053501248 2.9123411362450193 2.9039678414801635 2.9044145674321067 2.9189550295658306 2.9548810675923396 3.022717739611993 3.138718084357917 3.330901996790898 3.657626248263817 4.295046804167763 0.0 4.295046804167763 3.6576262482638238 3.3309019967909004 3.138718084357917 3.0227177396119935 2.95488106759234 2.9189550295658293 2.9044145674321062 2.9039678414801644 2.9123411362450193 2.92561053501248 2.9407997527871124 2.9556218639058476 2.9683055627733324 2.9774743377272794 2.9820603606250145 2.9812419520344164 2.974397470707885 2.9610708699157997 2.9409456701826344 2.9138250824172913 2.8796166772448943 2.8383204514546514 2.7900194613155915 2.7348724195180822 2.6731078165546713 2.605019247665073 2.5309617160284175 2.451348750567146 2.366650228584222 2.277390833503635 2.184149108633366 2.0875570900858387 1.9883005152003932 1.8871196045380336 1.7848104006906547 1.682226607044744 1.58028179048409
2.741853865679502 2.7972118069903296 2.8457516368761184 2.887317778782126 2.92183099358353 2.9492959492799438 2.9698108099380645 2.9835794704673866 2.990927302987549 2.99232161934464 2.988398543162621 2.979998705472764 2.9682152688212846 2.9544594919309657 2.9405518346708197 2.928851406423186 2.9224454044437014 2.925437809545474 2.94341508557762 2.9842600772636705 3.059743472018207 3.189168987928014 3.4099480732013414 3.8245551403606535 0.0 0.0 0.0 3.824555140360663 3.409948073201345 3.189168987928014 3.0597434720182073 2.9842600772636705 2.9434150855776195 2.9254378095454747 2.9224454044437023 2.9288514064231865 2.9405518346708197 2.954459491930966 2.968215268821285 2.9799987054727644 2.9883985431626208 2.9923216193446405 2.990927302987549 2.9835794704673857 2.969810809938064 2.9492959492799438 2.92183099358353 2.887317778782126 2.845751636876119 2.7972118069903296 2.7418538656795026 2.6799037215659367 2.611652844577414 2.5374544927874454 2.457720769633398 2.372920397522041 2.2835771347629246 2.190268793940238 2.0936268422845625 1.9943365778040223 1.8931378764206566 1.7908264900761355 1.6882558350337848 1.5863391297267475
2.7627307049462067 2.8187237440438753 2.8679828448148617 2.9103620028417385 2.945793646858887 2.9742967311628172 2.9959870252288314 3.011090303593737 3.019959419115487 3.023096649255873 3.021183309584145 3.015119553885529 3.00607874652265 2.9955832187541707 2.9856124529365498 2.9787626109494356 2.978492131962065 2.9895228743062314 3.0185513488286766 3.0756626313277597 3.177635684353151 3.357802529247154 3.7115559909936793 0.0 0.0 0.0 0.0 0.0 3.7115559909936855 3.357802529247154 3.1776356843531532 3.07566263132776 3.018551348828676 2.989522874306231 2.978492131962066 2.978762610949435 2.9856124529365498 2.995583218754171 3.00607874652265 3.0151195538855293 3.0211833095841447 3.023096649255873 3.0199594191154864 3.0110903035937366 2.995987025228832 2.9742967311628172 2.945793646858886 2.9103620028417385 2.8679828448148617 2.8187237440438757 2.762730704946207 2.70022176384589 2.6314819141328822 2.55685909621844 2.476761067278842 2.391653023491567 2.3020558912734947 2.2085452369181517 2.111750767298555 2.0123564075612523 1.9111009426004755 1.8087791925706664 1.70624365020026 1.6044064258257562
