test/standards/AN_laplacian_Synth.asc
ncols         101
nrows         101
xllcorner     0.0
yllcorner     0.0
cellsize      1
NODATA_value  -9999.
[rows 54 to 71 of 101, columns 41 to 81 of 101]
-0.0713777794106349 -0.06604097629272433 -0.06051652617040529 -0.05482623152442927 -0.04899254934811564 -0.043038502519858475 -0.03698758894234353 -0.03086368880706197 -0.024690970350103772 -0.018493794471171776 -0.012296618592239784 -0.006123900135281586 2.0816681711721685e-17 0.006050913577514878 0.012004960405772085 0.017838642582085718 0.023528937228061698 0.029053387350380818 0.03439019046829131 0.039518284658040304 0.04441743167466429 0.049068296823095894 0.05345252526337255 0.05755281444880388 0.06135298241121888 0.06483803162380161 0.06799420818947743 0.07080905612126163 0.07327146650034908 0.07537172131794183 0.07710153182779005 0.07845407125808655 0.07942400175361647 0.08000749544183305 0.08020224953972181 0.08000749544183305 0.07942400175361648 0.07845407125808655 0.07710153182779003 0.07537172131794184 0.07327146650034909
-0.07742869298814985 -0.07209188987023928 -0.06656743974792023 -0.06087714510194421 -0.05504346292563058 -0.04908941609737342 -0.043038502519858475 -0.03691460238457692 -0.030741883927618716 -0.02454470804868672 -0.018347532169754727 -0.01217481371279653 -0.006050913577514923 -6.591949208711867e-17 0.005954046828257141 0.011787729004570775 0.017478023650546754 0.023002473772865874 0.02833927689077637 0.03346737108052536 0.038366518097149346 0.04301738324558095 0.0474016116858576 0.05150190087128893 0.055302068833703935 0.05878711804628667 0.06194329461196249 0.06475814254374669 0.06722055292283413 0.06932080774042688 0.0710506182502751 0.07240315768057161 0.07337308817610153 0.07395658186431811 0.07415133596220687 0.07395658186431811 0.07337308817610154 0.07240315768057161 0.07105061825027509 0.0693208077404269 0.06722055292283415
-0.08338273981640701 -0.07804593669849644 -0.0725214865761774 -0.06683119193020137 -0.06099750975388774 -0.05504346292563058 -0.04899254934811564 -0.04286864921283408 -0.03669593075587588 -0.03049875487694388 -0.02430157899801189 -0.01812886054105369 -0.012004960405772085 -0.005954046828257228 -2.0816681711721685e-17 0.005833682176313613 0.011523976822289592 0.017048426944608713 0.022385230062519208 0.027513324252268195 0.032412471268892185 0.03706333641732379 0.04144756485760044 0.04554785404303177 0.04934802200544677 0.052833071218029506 0.05598924778370533 0.05880409571548953 0.06126650609457697 0.06336676091216972 0.06509657142201794 0.06644911085231445 0.06741904134784436 0.06800253503606095 0.0681972891339497 0.06800253503606095 0.06741904134784438 0.06644911085231445 0.06509657142201793 0.06336676091216974 0.061266506094576983
-0.08921642199272065 -0.08387961887481007 -0.07835516875249102 -0.07266487410651501 -0.06683119193020137 -0.06087714510194421 -0.05482623152442927 -0.04870233138914771 -0.04252961293218951 -0.03633243705325752 -0.030135261174325523 -0.023962542717367325 -0.017838642582085718 -0.011787729004570861 -0.005833682176313654 -2.0816681711721685e-17 0.005690294645975959 0.011214744768295079 0.016551547886205574 0.02167964207595456 0.026578789092578547 0.031229654241010152 0.035613882681286804 0.039714171866718134 0.043514339829133136 0.04699938904171587 0.05015556560739169 0.05297041353917589 0.05543282391826333 0.057533078735856086 0.0592628892457043 0.06061542867600081 0.061585359171530726 0.06216885285974731 0.06236360695763607 0.06216885285974731 0.06158535917153074 0.06061542867600081 0.05926288924570429 0.0575330787358561 0.055432823918263346
-0.09490671663869665 -0.08956991352078608 -0.08404546339846704 -0.07835516875249102 -0.0725214865761774 -0.06656743974792023 -0.06051652617040529 -0.05439262603512372 -0.04821990757816552 -0.04202273169923353 -0.03582555582030154 -0.02965283736334334 -0.023528937228061732 -0.017478023650546876 -0.011523976822289669 -0.005690294645976035 -5.551115123125783e-17 0.005524450122319065 0.01086125324022956 0.015989347429978547 0.020888494446602533 0.025539359595034138 0.02992358803531079 0.03402387722074212 0.03782404518315712 0.041309094395739855 0.04446527096141568 0.04728011889319988 0.04974252927228732 0.05184278408988007 0.05357259459972829 0.054925134030024796 0.05589506452555471 0.0564785582137713 0.056673312311660055 0.0564785582137713 0.055895064525554726 0.054925134030024796 0.053572594599728275 0.051842784089880085 0.04974252927228733
-0.1004311667610157 -0.09509436364310513 -0.08956991352078608 -0.08387961887481007 -0.07804593669849644 -0.07209188987023928 -0.06604097629272433 -0.05991707615744277 -0.053744357700484566 -0.04754718182155258 -0.04135000594262058 -0.03517728748566239 -0.029053387350380776 -0.02300247377286592 -0.017048426944608713 -0.011214744768295079 -0.0055244501223190995 2.0816681711721685e-17 0.005336803117910516 0.010464897307659503 0.01536404432428349 0.020014909472715094 0.024399137912991746 0.028499427098423076 0.03229959506083808 0.03578464427342081 0.03894082083909663 0.041755668770880834 0.044218079149968274 0.04631833396756103 0.048048144477409245 0.04940068390770575 0.05037061440323567 0.05095410809145225 0.05114886218934101 0.05095410809145225 0.05037061440323568 0.04940068390770575 0.04804814447740923 0.04631833396756104 0.04421807914996829
-0.10576796987892627 -0.1004311667610157 -0.09490671663869665 -0.08921642199272065 -0.08338273981640701 -0.07742869298814985 -0.0713777794106349 -0.06525387927535334 -0.05908116081839514 -0.05288398493946315 -0.04668680906053115 -0.04051409060357296 -0.03439019046829135 -0.02833927689077649 -0.022385230062519284 -0.01655154788620565 -0.01086125324022967 -0.0053368031179105505 -5.551115123125783e-17 0.0051280941897489316 0.010027241206372918 0.014678106354804522 0.019062334795081175 0.023162623980512505 0.026962791942927507 0.03044784115551024 0.03360401772118606 0.03641886565297026 0.0388812760320577 0.040981530849650456 0.042711341359498674 0.04406388078979518 0.0450338112853251 0.04561730497354168 0.04581205907143044 0.04561730497354168 0.04503381128532511 0.04406388078979518 0.04271134135949866 0.04098153084965047 0.03888127603205772
-0.11089606406867525 -0.10555926095076468 -0.10003481082844565 -0.09434451618246963 -0.08851083400615599 -0.08255678717789883 -0.07650587360038388 -0.07038197346510233 -0.06420925500814413 -0.058012079129212135 -0.05181490325028014 -0.04564218479332194 -0.03951828465804033 -0.03346737108052548 -0.02751332425226827 -0.021679642075954637 -0.015989347429978658 -0.010464897307659538 -0.005128094189749043 -5.551115123125783e-17 0.004899147016623931 0.009550012165055535 0.013934240605332188 0.018034529790763518 0.02183469775317852 0.025319746965761253 0.028475923531437075 0.031290771463221276 0.033753181842308716 0.03585343665990147 0.03758324716974969 0.03893578660004619 0.03990571709557611 0.040489210783792695 0.04068396488168145 0.040489210783792695 0.039905717095576124 0.03893578660004619 0.03758324716974967 0.03585343665990148 0.03375318184230873
-0.1157952110852992 -0.11045840796738862 -0.10493395784506959 -0.09924366319909357 -0.09340998102277993 -0.08745593419452277 -0.08140502061700783 -0.07528112048172628 -0.06910840202476808 -0.06291122614583608 -0.056714050266904084 -0.05054133180994588 -0.044417431674664276 -0.03836651809714942 -0.03241247126889221 -0.026578789092578582 -0.020888494446602603 -0.015364044324283482 -0.010027241206372987 -0.004899147016624 -1.3877787807814457e-17 0.0046508651484315905 0.009035093588708243 0.013135382774139573 0.016935550736554575 0.020420599949137308 0.02357677651481313 0.02639162444659733 0.02885403482568477 0.030954289643277524 0.03268410015312574 0.03403663958342225 0.035006570078952165 0.03559006376716875 0.03578481786505751 0.03559006376716875 0.03500657007895218 0.03403663958342225 0.03268410015312573 0.03095428964327754 0.028854034825684785
-0.12044607623373083 -0.11510927311582025 -0.10958482299350122 -0.1038945283475252 -0.09806084617121157 -0.0921067993429544 -0.08605588576543946 -0.07993198563015791 -0.07375926717319971 -0.06756209129426771 -0.061364915415335716 -0.055192196958377515 -0.04906829682309591 -0.043017383245581055 -0.037063336417323844 -0.031229654241010214 -0.025539359595034235 -0.020014909472715114 -0.01467810635480462 -0.009550012165055632 -0.004650865148431646 -4.163336342344337e-17 0.004384228440276611 0.00848451762570794 0.012284685588122943 0.015769734800705676 0.018925911366381498 0.0217407592981657 0.02420316967725314 0.026303424494845892 0.02803323500469411 0.029385774434990616 0.030355704930520533 0.030939198618737118 0.031133952716625876 0.030939198618737118 0.030355704930520547 0.029385774434990616 0.028033235004694096 0.026303424494845906 0.024203169677253153
-0.12483030467400744 -0.11949350155609686 -0.11396905143377783 -0.10827875678780181 -0.10244507461148818 -0.09649102778323101 -0.09044011420571607 -0.08431621407043452 -0.07814349561347632 -0.07194631973454432 -0.06574914385561233 -0.059576425398654126 -0.05345252526337252 -0.047401611685857666 -0.041447564857600455 -0.035613882681286825 -0.029923588035310845 -0.024399137912991725 -0.01906233479508123 -0.013934240605332243 -0.009035093588708257 -0.004384228440276652 0.0 0.00410028918543133 0.007900457147846332 0.011385506360429065 0.014541682926104887 0.017356530857889088 0.01981894123697653 0.02191919605456928 0.0236490065644175 0.025001545994714006 0.025971476490243922 0.026554970178460507 0.026749724276349265 0.026554970178460507 0.025971476490243936 0.025001545994714006 0.023649006564417485 0.021919196054569295 0.019818941236976542
-0.12893059385943875 -0.12359379074152818 -0.11806934061920915 -0.11237904597323313 -0.10654536379691949 -0.10059131696866233 -0.09454040339114739 -0.08841650325586584 -0.08224378479890763 -0.07604660891997564 -0.06984943304104364 -0.06367671458408544 -0.057552814448803835 -0.05150190087128898 -0.04554785404303177 -0.03971417186671814 -0.03402387722074216 -0.02849942709842304 -0.023162623980512546 -0.01803452979076356 -0.013135382774139573 -0.008484517625707969 -0.004100289185431316 1.3877787807814457e-17 0.003800167962415016 0.007285217174997749 0.010441393740673571 0.013256241672457772 0.015718652051545212 0.017818906869137965 0.019548717378986183 0.02090125680928269 0.021871187304812606 0.02245468099302919 0.02264943509091795 0.02245468099302919 0.02187118730481262 0.02090125680928269 0.01954871737898617 0.01781890686913798 0.015718652051545226
-0.13273076182185378 -0.1273939587039432 -0.12186950858162418 -0.11617921393564816 -0.11034553175933452 -0.10439148493107736 -0.09834057135356242 -0.09221667121828087 -0.08604395276132266 -0.07984677688239067 -0.07364960100345867 -0.06747688254650047 -0.061352982411218865 -0.05530206883370401 -0.0493480220054468 -0.04351433982913317 -0.03782404518315719 -0.03229959506083807 -0.026962791942927576 -0.02183469775317859 -0.016935550736554603 -0.012284685588122998 -0.007900457147846346 -0.003800167962415016 -1.3877787807814457e-17 0.0034850492125827193 0.0066412257782585415 0.009456073710042742 0.011918484089130182 0.014018738906722936 0.015748549416571153 0.01710108884686766 0.018071019342397576 0.01865451303061416 0.01884926712850292 0.01865451303061416 0.01807101934239759 0.01710108884686766 0.01574854941657114 0.01401873890672295 0.011918484089130196
-0.13621581103443647 -0.1308790079165259 -0.12535455779420687 -0.11966426314823085 -0.11383058097191721 -0.10787653414366005 -0.10182562056614511 -0.09570172043086356 -0.08952900197390536 -0.08333182609497336 -0.07713465021604136 -0.07096193175908316 -0.06483803162380156 -0.0587871180462867 -0.05283307121802949 -0.04699938904171586 -0.04130909439573988 -0.03578464427342076 -0.030447841155510268 -0.02531974696576128 -0.020420599949137294 -0.01576973480070569 -0.011385506360429037 -0.007285217174997707 -0.0034850492125827054 2.7755575615628914e-17 0.00315617656567585 0.005971024497460051 0.008433434876547491 0.010533689694140244 0.012263500203988462 0.013616039634284968 0.014585970129814885 0.01516946381803147 0.015364217915920228 0.01516946381803147 0.014585970129814899 0.013616039634284968 0.012263500203988448 0.010533689694140258 0.008433434876547505
-0.13937198760011232 -0.13403518448220175 -0.1285107343598827 -0.12282043971390669 -0.11698675753759305 -0.11103271070933589 -0.10498179713182094 -0.09885789699653938 -0.09268517853958119 -0.0864880026606492 -0.0802908267817172 -0.074118108324759 -0.06799420818947739 -0.06194329461196254 -0.05598924778370533 -0.0501555656073917 -0.04446527096141572 -0.0389408208390966 -0.033604017721186104 -0.028475923531437117 -0.02357677651481313 -0.018925911366381526 -0.014541682926104874 -0.010441393740673544 -0.0066412257782585415 -0.0031561765656758084 1.3877787807814457e-17 0.0028148479317842146 0.005277258310871655 0.007377513128464408 0.009107323638312625 0.010459863068609132 0.011429793564139049 0.012013287252355634 0.012208041350244392 0.012013287252355634 0.011429793564139062 0.010459863068609132 0.009107323638312612 0.007377513128464422 0.005277258310871669
-0.1421868355318965 -0.13685003241398594 -0.13132558229166688 -0.12563528764569087 -0.11980160546937724 -0.11384755864112008 -0.10779664506360513 -0.10167274492832357 -0.09550002647136538 -0.08930285059243338 -0.08310567471350139 -0.07693295625654319 -0.07080905612126158 -0.06475814254374673 -0.058804095715489516 -0.052970413539175885 -0.047280118893199906 -0.041755668770880786 -0.03641886565297029 -0.031290771463221304 -0.026391624446597317 -0.021740759298165713 -0.01735653085788906 -0.01325624167245773 -0.009456073710042728 -0.005971024497459995 -0.002814847931784173 2.7755575615628914e-17 0.002462410379087468 0.004562665196680221 0.006292475706528439 0.007645015136824945 0.008614945632354862 0.009198439320571447 0.009393193418460205 0.009198439320571447 0.008614945632354876 0.007645015136824945 0.006292475706528425 0.004562665196680235 0.002462410379087482
-0.14464924591098396 -0.1393124427930734 -0.13378799267075436 -0.12809769802477833 -0.1222640158484647 -0.11630996902020754 -0.1102590554426926 -0.10413515530741105 -0.09796243685045285 -0.09176526097152085 -0.08556808509258886 -0.07939536663563065 -0.07327146650034905 -0.06722055292283419 -0.061266506094576983 -0.05543282391826335 -0.049742529272287374 -0.044218079149968254 -0.03888127603205776 -0.03375318184230877 -0.028854034825684785 -0.02420316967725318 -0.01981894123697653 -0.0157186520515452 -0.011918484089130196 -0.008433434876547463 -0.005277258310871641 -0.00246241037908744 0.0 0.0021002548175927532 0.0038300653274409707 0.005182604757737477 0.006152535253267394 0.006736028941483979 0.006930783039372737 0.006736028941483979 0.006152535253267408 0.005182604757737477 0.003830065327440957 0.002100254817592767 1.3877787807814457e-17
-0.14674950072857673 -0.14141269761066616 -0.13588824748834713 -0.13019795284237112 -0.12436427066605747 -0.11841022383780031 -0.11235931026028537 -0.10623541012500382 -0.10006269166804561 -0.09386551578911362 -0.08766833991018162 -0.08149562145322342 -0.07537172131794181 -0.06932080774042695 -0.06336676091216975 -0.05753307873585612 -0.05184278408988014 -0.04631833396756102 -0.040981530849650526 -0.03585343665990154 -0.030954289643277552 -0.026303424494845948 -0.021919196054569295 -0.017818906869137965 -0.014018738906722963 -0.01053368969414023 -0.007377513128464408 -0.004562665196680207 -0.002100254817592767 -1.3877787807814457e-17 0.0017298105098482036 0.00308234994014471 0.004052280435674627 0.004635774123891212 0.00483052822177997 0.004635774123891212 0.004052280435674641 0.00308234994014471 0.0017298105098481897 0.0 -0.0021002548175927532
