test/standards/AN_LCSD_Synth.asc
ncols         101
nrows         101
xllcorner     0.0
yllcorner     0.0
cellsize      1
NODATA_value  -9999.
[rows 69 to 91 of 101, columns 0 to 50 of 101]
3.0648856725499045 2.9935545258468412 2.9170796012388496 2.8357117265116476 2.7497792897569426 2.6596826187714604 2.565889672115092 2.468932785566652 2.369406281968423 2.2679647882669673 2.165322113750465 2.0622505270200313 1.9595802217657423 1.8581986757696491 1.7590494747716712 1.6631299847235734 1.5714870105521102 1.485209291191507 1.4054153959473052 1.3332354053671909 1.2697848479928875 1.216129947595043 1.1732445268261014 1.1419609608364674 1.1229200582419874 1.1165268660979741 1.1229200582419874 1.1419609608364674 1.1732445268261011 1.216129947595043 1.269784847992887 1.3332354053671907 1.4054153959473057 1.4852092911915071 1.5714870105521104 1.6631299847235732 1.7590494747716712 1.8581986757696494 1.9595802217657416 2.0622505270200313 2.1653221137504644 2.2679647882669665 2.369406281968423 2.468932785566651 2.565889672115092 2.65968261877146 2.7497792897569417 2.8357117265116476 2.917079601238849 2.993554525846841 3.0648856725499045
2.9795638087731335 2.9108730681476795 2.836714468705756 2.7573706129525903 2.6731957948598217 2.584611535264977 2.4921031819456 2.3962173957191135 2.2975603894675762 2.196796811384295 2.0946491673419922 1.9918976572691156 1.88938025079049 1.787992738955572 1.6886883598100444 1.5924763934338604 1.5004188490329278 1.4136240301609388 1.3332354053671902 1.2604139316957013 1.1963119643048736 1.1420374101142248 1.0986081378189863 1.0668989690651007 1.0475865395934814 1.0410999997410166 1.0475865395934814 1.0668989690651003 1.0986081378189863 1.1420374101142248 1.1963119643048734 1.2604139316957006 1.3332354053671907 1.4136240301609397 1.5004188490329284 1.5924763934338604 1.6886883598100444 1.787992738955572 1.8893802507904893 1.9918976572691152 2.0946491673419922 2.196796811384294 2.2975603894675762 2.396217395719113 2.4921031819455988 2.5846115352649766 2.6731957948598213 2.757370612952591 2.8367144687057553 2.910873068147679 2.9795638087731335
2.906175422422722 2.8396579110795614 2.767405578071474 2.6897253987851126 2.6069915976407336 2.519642009321508 2.4281753393875984 2.3331491981569936 2.235178816381167 2.134936369404598 2.033150837133681 1.9306083063557047 1.8281525726136203 1.726685810184411 1.6271689363408492 1.5306210834519776 1.438117295600031 1.350783184690972 1.269784847992887 1.196311964304874 1.13155185234803 1.0766527138413613 1.0326756734141835 1.000537797717603 0.9809517581348641 0.9743711276373741 0.9809517581348641 1.000537797717603 1.0326756734141835 1.0766527138413613 1.13155185234803 1.1963119643048734 1.269784847992887 1.350783184690972 1.4381172956000314 1.5306210834519773 1.6271689363408492 1.7266858101844116 1.8281525726136199 1.9306083063557047 2.03315083713368 2.1349363694045977 2.235178816381167 2.3331491981569927 2.4281753393875984 2.519642009321508 2.606991597640733 2.6897253987851126 2.7674055780714735 2.8396579110795614 2.906175422422722
2.8452584226446564 2.7804803972141494 2.7097531099481733 2.6334019321964237 2.5518161497544307 2.465445910682192 2.3747999617650635 2.2804440833117154 2.183000160425203 2.083145843919953 1.981614753884358 1.879197158988884 1.7767410171443951 1.675153176047391 1.5754003889661217 1.4785095815322877 1.3855664893105195 1.2977113645186027 1.216129947595043 1.142037410114225 1.0766527138413617 1.0211611624731487 0.9766643165878666 0.9441192452933213 0.9242730937745436 0.917602967018263 0.9242730937745436 0.9441192452933213 0.9766643165878662 1.021161162473149 1.0766527138413613 1.1420374101142248 1.216129947595043 1.2977113645186034 1.3855664893105197 1.4785095815322877 1.5754003889661217 1.6751531760473914 1.7767410171443947 1.8791971589888834 1.9816147538843578 2.083145843919952 2.183000160425203 2.280444083311715 2.374799961765063 2.465445910682192 2.55181614975443 2.6334019321964237 2.7097531099481733 2.7804803972141494 2.845258422644656
2.7973045900346287 2.7338569147681406 2.6642951810298876 2.588958184206841 2.5082462002333292 2.4226183407110917 2.3325906233952702 2.238734691897314 2.1416771434920854 2.0420994376076713 1.9407383577217947 1.8383869811427944 1.7358960661945062 1.6341756818205453 1.5341967623450978 1.4369920466434334 1.3436555309594678 1.2553391110718242 1.1732445268261011 1.0986081378189865 1.032675673414184 0.9766643165878662 0.9317108528753726 0.8988076100968926 0.8787324052156078 0.8719834181012844 0.8787324052156078 0.8988076100968921 0.9317108528753726 0.9766643165878662 1.0326756734141835 1.0986081378189863 1.1732445268261011 1.2553391110718246 1.3436555309594684 1.436992046643433 1.5341967623450978 1.6341756818205455 1.7358960661945062 1.8383869811427938 1.9407383577217947 2.042099437607671 2.1416771434920854 2.2387346918973132 2.3325906233952702 2.4226183407110917 2.5082462002333283 2.588958184206841 2.6642951810298876 2.73385691476814 2.7973045900346283
2.7627307049462067 2.7002217638458896 2.6314819141328822 2.5568590962184405 2.476761067278841 2.3916530234915667 2.3020558912734947 2.2085452369181513 2.111750767298555 2.012356407561252 1.9111009426004746 1.8087791925706664 1.7062436502002594 1.6044064258257562 1.5042412054528935 1.4067847019918587 1.3131367406005219 1.22445764223705 1.141960960836467 1.066898969065101 1.0005377977176035 0.9441192452933209 0.8988076100968926 0.8656230309013008 0.8453677086720217 0.8385566707711054 0.8453677086720217 0.8656230309013007 0.8988076100968921 0.9441192452933213 1.000537797717603 1.0668989690651003 1.1419609608364674 1.22445764223705 1.313136740600522 1.406784701991858 1.5042412054528935 1.6044064258257562 1.7062436502002591 1.8087791925706664 1.9111009426004746 2.0123564075612506 2.111750767298555 2.2085452369181504 2.3020558912734947 2.3916530234915663 2.4767610672788405 2.5568590962184405 2.631481914132882 2.7002217638458896 2.7627307049462067
2.741853865679502 2.6799037215659367 2.611652844577414 2.5374544927874454 2.457720769633397 2.3729203975220403 2.2835771347629246 2.1902687939402377 2.093626842284563 1.9943365778040216 1.8931378764206557 1.7908264900761355 1.6882558350337842 1.5863391297267475 1.4860516023649941 1.38843226289467 1.294584389638528 1.2056733901410817 1.1229200582419872 1.0475865395934818 0.9809517581348645 0.9242730937745435 0.8787324052156078 0.8453677086720219 0.8249969694012038 0.8181461506300092 0.8249969694012038 0.8453677086720217 0.8787324052156078 0.9242730937745436 0.9809517581348641 1.0475865395934814 1.1229200582419874 1.2056733901410823 1.2945843896385287 1.3884322628946695 1.4860516023649941 1.5863391297267482 1.6882558350337837 1.790826490076135 1.8931378764206555 1.9943365778040214 2.093626842284563 2.1902687939402368 2.283577134762924 2.3729203975220403 2.4577207696333967 2.5374544927874454 2.611652844577414 2.6799037215659367 2.741853865679502
2.7348724195180822 2.6731078165546713 2.605019247665073 2.5309617160284184 2.451348750567145 2.3666502285842217 2.277390833503635 2.184149108633365 2.087557090085839 1.988300515200393 1.8871196045380327 1.7848104006906547 1.6822266070447434 1.58028179048409 1.4799516734574967 1.3822760151681697 1.2883592357871854 1.1993684421500639 1.1165268660979741 1.041099999741017 0.9743711276373743 0.917602967018263 0.8719834181012845 0.8385566707711058 0.8181461506300092 0.8112816168646729 0.8181461506300092 0.8385566707711054 0.8719834181012844 0.917602967018263 0.9743711276373741 1.0410999997410166 1.1165268660979741 1.1993684421500643 1.2883592357871863 1.3822760151681694 1.4799516734574967 1.5802817904840907 1.6822266070447431 1.7848104006906547 1.8871196045380323 1.9883005152003923 2.087557090085839 2.1841491086333646 2.2773908335036346 2.3666502285842217 2.4513487505671443 2.5309617160284184 2.605019247665073 2.6731078165546713 2.734872419518082
2.741853865679502 2.6799037215659367 2.611652844577414 2.5374544927874454 2.457720769633397 2.3729203975220403 2.2835771347629246 2.1902687939402377 2.093626842284563 1.9943365778040216 1.8931378764206557 1.7908264900761355 1.6882558350337842 1.5863391297267475 1.4860516023649941 1.38843226289467 1.294584389638528 1.2056733901410817 1.1229200582419872 1.0475865395934818 0.9809517581348645 0.9242730937745435 0.8787324052156078 0.8453677086720219 0.8249969694012038 0.8181461506300092 0.8249969694012038 0.8453677086720217 0.8787324052156078 0.9242730937745436 0.9809517581348641 1.0475865395934814 1.1229200582419874 1.2056733901410823 1.2945843896385287 1.3884322628946695 1.4860516023649941 1.5863391297267484 1.6882558350337837 1.790826490076135 1.8931378764206555 1.9943365778040214 2.093626842284563 2.1902687939402368 2.283577134762924 2.3729203975220403 2.4577207696333967 2.5374544927874454 2.611652844577414 2.6799037215659367 2.741853865679502
2.7627307049462067 2.7002217638458896 2.6314819141328822 2.5568590962184405 2.476761067278841 2.3916530234915667 2.3020558912734947 2.2085452369181513 2.111750767298555 2.012356407561252 1.9111009426004746 1.8087791925706664 1.7062436502002594 1.6044064258257562 1.5042412054528935 1.406784701991859 1.3131367406005219 1.22445764223705 1.1419609608364674 1.066898969065101 1.0005377977176035 0.9441192452933213 0.8988076100968926 0.8656230309013011 0.8453677086720219 0.8385566707711058 0.8453677086720219 0.8656230309013008 0.8988076100968926 0.9441192452933213 1.000537797717603 1.0668989690651007 1.1419609608364674 1.2244576422370501 1.3131367406005225 1.406784701991858 1.5042412054528935 1.6044064258257569 1.7062436502002591 1.8087791925706664 1.9111009426004746 2.012356407561251 2.111750767298555 2.2085452369181504 2.3020558912734947 2.3916530234915667 2.4767610672788405 2.5568590962184405 2.631481914132882 2.7002217638458896 2.7627307049462067
2.7973045900346287 2.7338569147681406 2.6642951810298885 2.588958184206841 2.5082462002333292 2.4226183407110917 2.3325906233952707 2.238734691897314 2.1416771434920854 2.0420994376076713 1.9407383577217947 1.8383869811427944 1.7358960661945066 1.6341756818205453 1.5341967623450983 1.4369920466434334 1.3436555309594678 1.2553391110718242 1.1732445268261011 1.0986081378189865 1.032675673414184 0.9766643165878662 0.9317108528753726 0.8988076100968926 0.8787324052156078 0.8719834181012845 0.8787324052156078 0.8988076100968926 0.9317108528753726 0.9766643165878666 1.0326756734141835 1.0986081378189863 1.1732445268261014 1.2553391110718246 1.3436555309594687 1.436992046643433 1.5341967623450983 1.6341756818205455 1.7358960661945062 1.8383869811427938 1.9407383577217947 2.0420994376076713 2.141677143492086 2.2387346918973137 2.3325906233952702 2.4226183407110917 2.5082462002333283 2.588958184206841 2.6642951810298876 2.73385691476814 2.7973045900346287
2.8452584226446564 2.7804803972141494 2.7097531099481733 2.6334019321964237 2.5518161497544303 2.4654459106821913 2.3747999617650635 2.280444083311715 2.183000160425203 2.083145843919953 1.9816147538843578 1.8791971589888834 1.7767410171443951 1.675153176047391 1.5754003889661217 1.4785095815322877 1.3855664893105195 1.2977113645186027 1.216129947595043 1.142037410114225 1.0766527138413617 1.0211611624731487 0.9766643165878662 0.9441192452933213 0.9242730937745435 0.917602967018263 0.9242730937745435 0.9441192452933209 0.9766643165878662 1.0211611624731487 1.0766527138413613 1.1420374101142248 1.216129947595043 1.2977113645186031 1.3855664893105197 1.4785095815322875 1.5754003889661217 1.6751531760473914 1.7767410171443947 1.8791971589888834 1.9816147538843578 2.083145843919952 2.183000160425203 2.2804440833117146 2.374799961765063 2.4654459106821913 2.55181614975443 2.6334019321964237 2.7097531099481733 2.7804803972141494 2.845258422644656
2.9061754224227223 2.839657911079562 2.767405578071474 2.689725398785113 2.6069915976407345 2.519642009321508 2.428175339387599 2.3331491981569936 2.235178816381168 2.1349363694045986 2.033150837133681 1.9306083063557054 1.8281525726136203 1.7266858101844116 1.62716893634085 1.5306210834519782 1.4381172956000314 1.350783184690972 1.2697848479928875 1.196311964304874 1.1315518523480304 1.0766527138413617 1.032675673414184 1.0005377977176035 0.9809517581348645 0.9743711276373743 0.9809517581348645 1.0005377977176035 1.032675673414184 1.0766527138413617 1.13155185234803 1.1963119643048736 1.2697848479928875 1.3507831846909721 1.4381172956000317 1.5306210834519776 1.62716893634085 1.7266858101844116 1.8281525726136199 1.9306083063557047 2.033150837133681 2.134936369404598 2.235178816381168 2.333149198156993 2.4281753393875984 2.519642009321508 2.6069915976407336 2.689725398785113 2.7674055780714735 2.839657911079562 2.9061754224227223
2.979563808773134 2.91087306814768 2.8367144687057566 2.7573706129525912 2.673195794859822 2.584611535264977 2.4921031819456 2.3962173957191135 2.2975603894675767 2.196796811384295 2.0946491673419927 1.9918976572691156 1.8893802507904902 1.787992738955572 1.6886883598100444 1.5924763934338606 1.5004188490329284 1.4136240301609395 1.3332354053671909 1.2604139316957015 1.196311964304874 1.142037410114225 1.0986081378189865 1.066898969065101 1.0475865395934818 1.041099999741017 1.0475865395934818 1.066898969065101 1.0986081378189865 1.142037410114225 1.196311964304874 1.2604139316957013 1.3332354053671909 1.41362403016094 1.500418849032929 1.5924763934338604 1.6886883598100444 1.7879927389555728 1.88938025079049 1.9918976572691156 2.0946491673419922 2.1967968113842944 2.2975603894675767 2.396217395719113 2.4921031819455997 2.584611535264977 2.6731957948598217 2.7573706129525912 2.8367144687057557 2.91087306814768 2.979563808773134
3.0648856725499045 2.9935545258468412 2.9170796012388496 2.8357117265116476 2.7497792897569426 2.65968261877146 2.565889672115092 2.468932785566652 2.369406281968423 2.2679647882669673 2.1653221137504644 2.0622505270200313 1.9595802217657416 1.8581986757696491 1.7590494747716712 1.6631299847235734 1.5714870105521102 1.485209291191507 1.4054153959473052 1.3332354053671909 1.2697848479928875 1.216129947595043 1.1732445268261011 1.1419609608364674 1.1229200582419872 1.1165268660979741 1.1229200582419872 1.141960960836467 1.1732445268261011 1.216129947595043 1.269784847992887 1.3332354053671902 1.4054153959473052 1.4852092911915071 1.5714870105521104 1.6631299847235732 1.7590494747716712 1.8581986757696491 1.9595802217657414 2.0622505270200313 2.165322113750464 2.2679647882669665 2.369406281968423 2.468932785566651 2.565889672115092 2.65968261877146 2.7497792897569413 2.8357117265116476 2.917079601238849 2.993554525846841 3.0648856725499045
3.1615888809732953 3.087105517820323 3.0078665854546522 2.9240817280647353 2.8360459270814173 2.7441322560476564 2.648786318863829 2.5505219985636933 2.4499182397096955 2.3476166432047125 2.2443196749042307 2.140789280782595 2.0378456596193284 1.936365864557798 1.8372817816363685 1.7415768625022565 1.6502807732907419 1.5644608818986512 1.485209291191507 1.4136240301609395 1.350783184690972 1.2977113645186027 1.2553391110718242 1.22445764223705 1.2056733901410817 1.1993684421500639 1.2056733901410817 1.22445764223705 1.2553391110718242 1.2977113645186027 1.350783184690972 1.4136240301609388 1.485209291191507 1.5644608818986514 1.650280773290742 1.7415768625022559 1.8372817816363685 1.9363658645577981 2.037845659619328 2.1407892807825943 2.2443196749042307 2.3476166432047116 2.4499182397096955 2.550521998563693 2.6487863188638285 2.7441322560476564 2.8360459270814165 2.9240817280647353 3.0078665854546514 3.087105517820323 3.1615888809732953
3.26914141378548 3.19093494514957 3.1084356007505742 3.02179959821714 2.9312789013707894 2.8372116693045673 2.7400149540725707 2.6401790952692683 2.5382634092026892 2.4348928598495383 2.3307554429723663 2.226600020451657 2.123234310683618 2.0215226713512693 1.922383200626048 1.8267835319491783 1.735734513819735 1.6502807732907419 1.5714870105521102 1.5004188490329284 1.4381172956000314 1.3855664893105195 1.3436555309594678 1.3131367406005219 1.294584389638528 1.2883592357871854 1.294584389638528 1.3131367406005219 1.3436555309594678 1.3855664893105195 1.438117295600031 1.5004188490329278 1.5714870105521102 1.650280773290742 1.7357345138197355 1.826783531949178 1.922383200626048 2.0215226713512697 2.1232343106836176 2.2266000204516563 2.3307554429723663 2.434892859849538 2.5382634092026892 2.6401790952692674 2.7400149540725702 2.8372116693045673 2.9312789013707885 3.02179959821714 3.1084356007505742 3.1909349451495697 3.26914141378548
3.3870683205380026 3.304489846030271 3.218170671586188 3.1281973091896695 3.0347661490878823 2.9381705897587134 2.8387912869391294 2.7370886890249584 2.633597266385475 2.5289209884623047 2.4237296831033968 2.318755942459331 2.214792226140283 2.112687758041062 2.013344719860135 1.917713115898761 1.8267835319491783 1.7415768625022565 1.6631299847235734 1.5924763934338606 1.5306210834519782 1.4785095815322877 1.4369920466434334 1.406784701991859 1.38843226289467 1.3822760151681697 1.38843226289467 1.4067847019918587 1.4369920466434334 1.4785095815322877 1.5306210834519776 1.5924763934338604 1.6631299847235734 1.7415768625022567 1.8267835319491792 1.9177131158987606 2.013344719860135 2.112687758041062 2.2147922261402826 2.3187559424593305 2.4237296831033968 2.5289209884623047 2.633597266385475 2.7370886890249575 2.8387912869391294 2.938170589758713 3.034766149087881 3.1281973091896695 3.2181706715861877 3.3044898460302705 3.3870683205380026
3.514992505650843 3.427289858582209 3.336509674825779 3.2426466576839728 3.145824905910473 3.0462801830160546 2.9443466666133165 2.840446892685303 2.7350840060379733 2.6288356705041775 2.5223491336823307 2.416337010636309 2.3115733652928148 2.208889636330307 2.109169882608694 2.013344719860135 1.922383200626048 1.8372817816363685 1.7590494747716712 1.6886883598100444 1.62716893634085 1.5754003889661217 1.5341967623450983 1.5042412054528935 1.4860516023649941 1.4799516734574967 1.4860516023649941 1.5042412054528935 1.5341967623450978 1.5754003889661217 1.6271689363408492 1.6886883598100444 1.7590494747716712 1.8372817816363691 1.9223832006260482 2.013344719860134 2.109169882608694 2.2088896363303077 2.311573365292814 2.416337010636309 2.5223491336823303 2.6288356705041775 2.7350840060379733 2.840446892685302 2.944346666613316 3.0462801830160546 3.1458249059104726 3.2426466576839728 3.3365096748257788 3.427289858582209 3.514992505650842
3.652681864514891 3.5589652458115895 3.462976053425581 3.3645865290930574 3.263825787602323 3.160854824233607 3.0559481693035857 2.9494801567527427 2.8419144437960027 2.7337958250706986 2.625743627376789 2.518446105757191 2.4126553199909497 2.3091819713973285 2.208889636330307 2.112687758041062 2.0215226713512693 1.936365864557798 1.8581986757696491 1.787992738955572 1.7266858101844116 1.675153176047391 1.6341756818205453 1.6044064258257562 1.5863391297267475 1.58028179048409 1.5863391297267475 1.6044064258257562 1.6341756818205453 1.675153176047391 1.726685810184411 1.787992738955572 1.8581986757696491 1.9363658645577981 2.0215226713512697 2.1126877580410612 2.208889636330307 2.3091819713973285 2.412655319990949 2.5184461057571905 2.6257436273767882 2.733795825070698 2.841914443796003 2.949480156752742 3.0559481693035857 3.160854824233607 3.2638257876023227 3.3645865290930574 3.4629760534255793 3.558965245811589 3.652681864514891
3.800107132673103 3.6993012709921675 3.5972140707871563 3.4935518372881798 3.388217269671425 3.281273368276907 3.172917515914013 3.06346242789932 2.953321827580349 2.8429993966600224 2.7330799644080983 2.6242221417517144 2.5171517345294707 2.4126553199909497 2.3115733652928148 2.214792226140283 2.123234310683618 2.0378456596193284 1.9595802217657416 1.8893802507904902 1.8281525726136203 1.7767410171443951 1.7358960661945066 1.7062436502002594 1.6882558350337842 1.6822266070447434 1.6882558350337842 1.7062436502002594 1.7358960661945062 1.7767410171443951 1.8281525726136203 1.88938025079049 1.9595802217657423 2.037845659619329 2.123234310683619 2.2147922261402826 2.3115733652928148 2.4126553199909497 2.5171517345294694 2.6242221417517135 2.7330799644080983 2.842999396660022 2.953321827580349 3.0634624278993186 3.172917515914013 3.2812733682769064 3.3882172696714234 3.4935518372881798 3.597214070787156 3.699301270992167 3.800107132673103
3.9575176457556793 3.848293444890195 3.739030555342374 3.6292061413635617 3.5185519844759745 3.407000972566584 3.294649656287458 3.181731333280454 3.0685961951830762 2.955696276879383 2.8435736604512174 2.732850808327751 2.6242221417517144 2.518446105757191 2.416337010636309 2.318755942459331 2.226600020451657 2.140789280782595 2.0622505270200313 1.9918976572691156 1.9306083063557054 1.8791971589888834 1.8383869811427944 1.8087791925706664 1.7908264900761355 1.7848104006906547 1.7908264900761355 1.8087791925706664 1.8383869811427944 1.879197158988884 1.9306083063557047 1.9918976572691156 2.0622505270200313 2.140789280782595 2.226600020451657 2.3187559424593305 2.416337010636309 2.518446105757192 2.6242221417517135 2.73285080832775 2.843573660451217 2.9556962768793826 3.0685961951830762 3.1817313332804535 3.294649656287458 3.4070009725665837 3.5185519844759736 3.6292061413635617 3.739030555342372 3.848293444890195 3.9575176457556793
4.125546994834728 4.006220903900482 3.8884477207596655 3.7713809602069315 3.65451691670455 3.5376129784706403 3.420632171430953 3.3037043254579324 3.1870980855570923 3.071200140377829 2.9564992842027493 2.8435736604512174 2.7330799644080983 2.625743627376789 2.5223491336823307 2.4237296831033968 2.3307554429723663 2.2443196749042307 2.1653221137504644 2.0946491673419927 2.033150837133681 1.9816147538843578 1.9407383577217947 1.9111009426004746 1.8931378764206557 1.8871196045380327 1.8931378764206557 1.9111009426004746 1.9407383577217947 1.981614753884358 2.033150837133681 2.0946491673419922 2.165322113750465 2.2443196749042316 2.3307554429723667 2.4237296831033963 2.5223491336823307 2.625743627376789 2.733079964408098 2.843573660451217 2.9564992842027493 3.071200140377828 3.1870980855570927 3.303704325457931 3.420632171430953 3.5376129784706403 3.6545169167045484 3.7713809602069315 3.888447720759665 4.0062209039004815 4.125546994834728
