test/standards/AN_LCSD_Synth.asc
ncols         101
nrows         101
xllcorner     0.0
yllcorner     0.0
cellsize      1
NODATA_value  -9999.
[rows 46 to 68 of 101, columns 0 to 50 of 101]
0.0 0.0 0.0 0.0 0.0 0.0 6.930135100038858 6.064539155213827 5.534702089078549 5.141724632686926 4.823804988949832 4.553930826995418 4.318166405096807 4.10862672099406 3.92062346637827 3.751320218676451 3.599026477179564 3.4627936849595238 3.3421660059725107 3.2370153787415696 3.1474248068326913 3.073600735086344 3.015804345259048 2.9742967311628177 2.949295949279944 2.940945670182634 2.949295949279944 2.9742967311628177 3.015804345259048 3.073600735086344 3.147424806832691 3.237015378741569 3.3421660059725116 3.462793684959524 3.5990264771795655 3.7513202186764496 3.92062346637827 4.108626720994062 4.318166405096807 4.553930826995417 4.823804988949831 5.141724632686924 5.534702089078549 6.064539155213824 6.9301351000388545 0.0 0.0 0.0 0.0 0.0 0.0
0.0 0.0 0.0 0.0 0.0 7.042130371989842 6.171607092410594 5.640317933451704 5.246654582696835 4.927977433738314 4.656888823284745 4.419230761544923 4.2069693428023385 4.015306326981568 3.8413197378573107 3.6832517552587136 3.540102749503777 3.4113823271106694 3.296945880626554 3.196879868909436 3.111416002521337 3.040863475882326 2.9855535164867244 2.9457936468588866 2.9218309935835305 2.9138250824172913 2.9218309935835305 2.945793646858886 2.9855535164867244 3.040863475882326 3.111416002521337 3.196879868909436 3.296945880626554 3.4113823271106702 3.540102749503778 3.6832517552587123 3.8413197378573107 4.015306326981568 4.206969342802338 4.419230761544923 4.656888823284745 4.927977433738312 5.246654582696835 5.640317933451703 6.171607092410592 7.04213037198984 0.0 0.0 0.0 0.0 0.0
0.0 0.0 0.0 0.0 7.132636332378148 6.260226968271028 5.729496952174236 5.336778483137452 5.018797741109572 4.747862542381571 4.509641179765961 4.295979692549628 4.101988021599864 3.924669975436281 3.7622067969973756 3.613550011632803 3.4781730624944087 3.3559095206243623 3.246840607902 3.151211746402142 3.069366762502467 3.001693441506135 2.9485772420948457 2.910362002841739 2.8873177787821263 2.879616677244894 2.8873177787821263 2.9103620028417385 2.9485772420948453 3.001693441506135 3.0693667625024665 3.1512117464021405 3.246840607902 3.3559095206243628 3.47817306249441 3.613550011632803 3.7622067969973756 3.924669975436281 4.101988021599863 4.295979692549628 4.509641179765961 4.7478625423815695 5.018797741109573 5.33677848313745 5.729496952174235 6.260226968271026 7.13263633237814 0.0 0.0 0.0 0.0
0.0 0.0 0.0 7.201042040152139 6.329781146190993 5.8015942837009 5.411415353853052 5.095542866876088 4.826081841623118 4.5885756324816125 4.3747791217558145 4.179728618788155 4.000365299550086 3.834816372932468 3.681987613934691 3.5413159262750846 3.4126093086145897 3.2959366845341993 3.1915470322665858 3.0998060987061002 3.0211439596525542 2.956009729209941 2.904831732212141 2.8679828448148617 2.8457516368761184 2.8383204514546514 2.8457516368761184 2.8679828448148617 2.9048317322121404 2.956009729209941 3.0211439596525542 3.0998060987061 3.191547032266586 3.2959366845341997 3.41260930861459 3.5413159262750846 3.681987613934691 3.8348163729324685 4.000365299550085 4.179728618788155 4.3747791217558145 4.588575632481612 4.826081841623119 5.095542866876087 5.41141535385305 5.801594283700899 6.329781146190989 7.2010420401521404 0.0 0.0 0.0
0.0 0.0 7.246894914531591 6.379796407768517 5.856103223554522 5.470019732889692 5.1576250646330335 4.890913584048244 4.655352495938308 4.442634327653643 4.2477398935308015 4.0675594176933085 3.9001733108550174 3.744445330398637 3.5997764497090827 3.4659466679250834 3.3430071230567058 3.231201820095181 3.1309070627792974 3.0425815580218574 2.9667231028707506 2.9038297028555387 2.8543643546874735 2.8187237440438753 2.7972118069903296 2.790019461315591 2.7972118069903296 2.8187237440438753 2.8543643546874735 2.9038297028555387 2.9667231028707497 3.042581558021856 3.1309070627792974 3.231201820095181 3.343007123056706 3.465946667925082 3.5997764497090827 3.744445330398637 3.900173310855017 4.067559417693308 4.247739893530801 4.44263432765364 4.655352495938309 4.890913584048244 5.157625064633033 5.470019732889692 5.856103223554519 6.379796407768517 7.246894914531586 0.0 0.0
0.0 7.269895777822005 6.409938355374663 5.892648752583 5.512174134603414 5.204583072349475 4.941851340533769 4.709418546634991 4.498943424004175 4.305369263674547 4.125546994834728 3.9575176457556793 3.800107132673103 3.652681864514891 3.514992505650842 3.3870683205380026 3.26914141378548 3.1615888809732953 3.0648856725499045 2.979563808773134 2.9061754224227223 2.845258422644656 2.7973045900346287 2.7627307049462067 2.741853865679502 2.734872419518082 2.741853865679502 2.7627307049462067 2.7973045900346283 2.845258422644656 2.906175422422722 2.9795638087731335 3.0648856725499045 3.1615888809732953 3.26914141378548 3.387068320538002 3.514992505650842 3.652681864514891 3.800107132673101 3.957517645755679 4.125546994834728 4.305369263674545 4.498943424004175 4.70941854663499 4.941851340533767 5.2045830723494735 5.512174134603411 5.892648752583001 6.409938355374661 7.269895777822001 0.0
7.269895777822003 6.420007735545434 5.910983124944562 5.537583773167832 5.236075828857472 4.978507941986132 4.750340181115983 4.5432256566113765 4.352087835051303 4.173749878898811 4.0062209039004815 3.848293444890195 3.699301270992167 3.558965245811589 3.427289858582209 3.3044898460302705 3.1909349451495697 3.087105517820323 2.993554525846841 2.91087306814768 2.839657911079562 2.7804803972141494 2.73385691476814 2.7002217638458896 2.6799037215659367 2.6731078165546713 2.6799037215659367 2.7002217638458896 2.73385691476814 2.7804803972141494 2.8396579110795614 2.910873068147679 2.993554525846841 3.087105517820323 3.1909349451495697 3.30448984603027 3.427289858582209 3.5589652458115895 3.6993012709921658 3.8482934448901944 4.0062209039004815 4.17374987889881 4.352087835051303 4.543225656611376 4.750340181115983 4.978507941986132 5.236075828857469 5.537583773167832 5.9109831249445595 6.420007735545433 7.269895777822001
6.409938355374662 5.910983124944562 5.546073088349266 5.251878175277662 5.000610244923946 4.777797120801482 4.575113915320679 4.387481589314311 4.211706843262408 4.045774298911073 3.888447720759665 3.739030555342372 3.597214070787156 3.4629760534255793 3.3365096748257788 3.2181706715861877 3.1084356007505742 3.0078665854546514 2.917079601238849 2.8367144687057557 2.7674055780714735 2.7097531099481733 2.6642951810298876 2.631481914132882 2.611652844577414 2.605019247665073 2.611652844577414 2.631481914132882 2.6642951810298876 2.7097531099481733 2.7674055780714735 2.8367144687057553 2.917079601238849 3.0078665854546522 3.1084356007505742 3.2181706715861864 3.3365096748257788 3.4629760534255807 3.5972140707871545 3.739030555342372 3.8884477207596637 4.0457742989110725 4.211706843262409 4.3874815893143095 4.575113915320678 4.777797120801482 5.000610244923943 5.251878175277663 5.5460730883492655 5.9109831249445595 6.409938355374661
5.892648752583001 5.537583773167832 5.251878175277666 5.007995672347698 4.791578085235369 4.594349441226984 4.411245023354246 4.239066061238158 4.075779957541566 3.9201263587218547 3.7713809602069315 3.6292061413635617 3.4935518372881798 3.3645865290930574 3.2426466576839728 3.1281973091896695 3.02179959821714 2.9240817280647353 2.8357117265116476 2.7573706129525912 2.689725398785113 2.6334019321964237 2.588958184206841 2.5568590962184405 2.5374544927874454 2.5309617160284184 2.5374544927874454 2.5568590962184405 2.588958184206841 2.6334019321964237 2.6897253987851126 2.757370612952591 2.8357117265116476 2.9240817280647358 3.02179959821714 3.1281973091896687 3.2426466576839728 3.3645865290930574 3.493551837288179 3.6292061413635612 3.77138096020693 3.9201263587218547 4.075779957541566 4.239066061238157 4.411245023354244 4.594349441226983 4.791578085235367 5.007995672347698 5.251878175277663 5.537583773167832 5.892648752583001
5.512174134603413 5.23607582885747 5.000610244923945 4.791578085235367 4.600778313092919 4.423176753374213 4.255579752193061 4.095944539831864 3.9429912435821928 3.7959705175630565 3.6545169167045484 3.5185519844759736 3.3882172696714234 3.2638257876023227 3.1458249059104726 3.034766149087881 2.9312789013707885 2.8360459270814165 2.7497792897569413 2.6731957948598217 2.6069915976407336 2.55181614975443 2.5082462002333283 2.4767610672788405 2.4577207696333967 2.4513487505671443 2.4577207696333967 2.4767610672788405 2.5082462002333283 2.55181614975443 2.606991597640733 2.6731957948598213 2.7497792897569417 2.8360459270814173 2.9312789013707894 3.0347661490878806 3.1458249059104726 3.263825787602323 3.388217269671423 3.5185519844759727 3.6545169167045484 3.795970517563056 3.9429912435821928 4.095944539831862 4.255579752193059 4.423176753374212 4.600778313092918 4.791578085235367 5.000610244923943 5.236075828857469 5.512174134603411
5.204583072349475 4.978507941986133 4.777797120801485 4.594349441226983 4.4231767533742135 4.2611006092104855 4.106074803190984 3.95680440400287 3.8125177731501583 3.6728229409599846 3.5376129784706403 3.4070009725665837 3.2812733682769064 3.160854824233607 3.0462801830160546 2.938170589758713 2.8372116693045673 2.7441322560476564 2.65968261877146 2.584611535264977 2.519642009321508 2.4654459106821913 2.4226183407110917 2.3916530234915667 2.3729203975220403 2.3666502285842217 2.3729203975220403 2.3916530234915663 2.4226183407110917 2.465445910682192 2.519642009321508 2.5846115352649766 2.65968261877146 2.744132256047657 2.8372116693045673 2.938170589758712 3.0462801830160546 3.160854824233607 3.2812733682769064 3.4070009725665833 3.5376129784706403 3.6728229409599846 3.8125177731501587 3.9568044040028685 4.1060748031909835 4.2611006092104855 4.423176753374212 4.594349441226983 4.777797120801482 4.978507941986132 5.2045830723494735
4.941851340533767 4.750340181115983 4.575113915320679 4.411245023354244 4.255579752193062 4.1060748031909835 3.961424428467958 3.820837396184712 3.683896642047372 3.5504670152582456 3.420632171430953 3.294649656287458 3.172917515914013 3.0559481693035857 2.944346666613316 2.8387912869391294 2.7400149540725702 2.6487863188638285 2.565889672115092 2.4921031819455997 2.4281753393875984 2.374799961765063 2.3325906233952702 2.3020558912734947 2.283577134762924 2.2773908335036346 2.283577134762924 2.3020558912734947 2.3325906233952702 2.374799961765063 2.4281753393875984 2.4921031819455988 2.565889672115092 2.648786318863829 2.740014954072571 2.838791286939128 2.944346666613316 3.0559481693035857 3.1729175159140124 3.2946496562874574 3.4206321714309516 3.550467015258245 3.683896642047372 3.8208373961847117 3.9614244284679576 4.1060748031909835 4.255579752193059 4.411245023354244 4.575113915320678 4.750340181115983 4.941851340533767
4.70941854663499 4.5432256566113765 4.387481589314311 4.239066061238157 4.095944539831865 3.9568044040028685 3.820837396184712 3.6876028239726675 3.5569377846815926 3.4288959592372454 3.303704325457931 3.1817313332804535 3.0634624278993186 2.949480156752742 2.840446892685302 2.7370886890249575 2.6401790952692674 2.550521998563693 2.468932785566651 2.396217395719113 2.333149198156993 2.2804440833117146 2.2387346918973137 2.2085452369181504 2.1902687939402368 2.1841491086333646 2.1902687939402368 2.2085452369181504 2.2387346918973132 2.280444083311715 2.3331491981569927 2.396217395719113 2.468932785566651 2.550521998563693 2.6401790952692683 2.7370886890249566 2.840446892685302 2.9494801567527427 3.0634624278993186 3.1817313332804535 3.303704325457931 3.428895959237245 3.556937784681593 3.6876028239726675 3.8208373961847117 3.9568044040028685 4.095944539831862 4.239066061238157 4.3874815893143095 4.543225656611376 4.70941854663499
4.4989434240041755 4.352087835051303 4.21170684326241 4.075779957541566 3.9429912435821945 3.8125177731501587 3.6838966420473724 3.5569377846815944 3.431664670343379 3.308272560075725 3.1870980855570927 3.0685961951830762 2.953321827580349 2.841914443796003 2.7350840060379733 2.633597266385475 2.5382634092026892 2.4499182397096955 2.369406281968423 2.2975603894675767 2.235178816381168 2.183000160425203 2.141677143492086 2.111750767298555 2.093626842284563 2.087557090085839 2.093626842284563 2.111750767298555 2.1416771434920854 2.183000160425203 2.235178816381167 2.2975603894675762 2.369406281968423 2.449918239709696 2.5382634092026897 2.6335972663854745 2.7350840060379733 2.841914443796003 2.953321827580349 3.0685961951830762 3.1870980855570923 3.308272560075725 3.431664670343379 3.556937784681593 3.683896642047372 3.8125177731501587 3.9429912435821928 4.075779957541566 4.211706843262409 4.352087835051303 4.498943424004175
4.305369263674545 4.1737498788988106 4.045774298911073 3.9201263587218547 3.7959705175630565 3.6728229409599846 3.5504670152582456 3.428895959237245 3.308272560075725 3.188900022621889 3.071200140377828 2.9556962768793826 2.842999396660022 2.733795825070698 2.6288356705041775 2.5289209884623047 2.434892859849538 2.3476166432047116 2.2679647882669665 2.1967968113842944 2.134936369404598 2.083145843919952 2.0420994376076713 2.012356407561251 1.9943365778040214 1.9883005152003923 1.9943365778040214 2.0123564075612506 2.042099437607671 2.083145843919952 2.1349363694045977 2.196796811384294 2.2679647882669665 2.3476166432047125 2.4348928598495383 2.528920988462304 2.6288356705041775 2.733795825070698 2.842999396660021 2.9556962768793826 3.0712001403778277 3.1889000226218878 3.308272560075725 3.428895959237245 3.550467015258245 3.6728229409599846 3.795970517563056 3.9201263587218547 4.0457742989110725 4.17374987889881 4.305369263674545
4.125546994834728 4.0062209039004815 3.888447720759665 3.77138096020693 3.65451691670455 3.5376129784706403 3.420632171430953 3.3037043254579315 3.1870980855570923 3.071200140377828 2.9564992842027493 2.843573660451217 2.7330799644080983 2.6257436273767882 2.5223491336823303 2.4237296831033968 2.3307554429723663 2.2443196749042307 2.165322113750464 2.0946491673419922 2.033150837133681 1.9816147538843578 1.9407383577217947 1.9111009426004746 1.8931378764206555 1.8871196045380323 1.8931378764206555 1.9111009426004746 1.9407383577217947 1.9816147538843578 2.03315083713368 2.0946491673419922 2.1653221137504644 2.2443196749042307 2.3307554429723663 2.4237296831033963 2.5223491336823303 2.625743627376789 2.733079964408098 2.843573660451217 2.9564992842027493 3.0712001403778277 3.1870980855570923 3.303704325457931 3.4206321714309516 3.5376129784706403 3.6545169167045484 3.77138096020693 3.8884477207596637 4.0062209039004815 4.125546994834728
3.9575176457556793 3.848293444890195 3.7390305553423735 3.6292061413635612 3.5185519844759736 3.4070009725665837 3.294649656287458 3.1817313332804535 3.0685961951830762 2.955696276879383 2.843573660451217 2.73285080832775 2.6242221417517135 2.5184461057571905 2.416337010636309 2.3187559424593305 2.2266000204516563 2.1407892807825943 2.0622505270200313 1.9918976572691156 1.9306083063557047 1.8791971589888834 1.8383869811427938 1.8087791925706664 1.790826490076135 1.7848104006906547 1.790826490076135 1.8087791925706664 1.8383869811427938 1.8791971589888834 1.9306083063557047 1.9918976572691152 2.0622505270200313 2.140789280782595 2.2266000204516567 2.31875594245933 2.416337010636309 2.5184461057571914 2.6242221417517135 2.73285080832775 2.843573660451217 2.9556962768793826 3.0685961951830762 3.1817313332804535 3.2946496562874574 3.4070009725665833 3.5185519844759727 3.6292061413635612 3.739030555342372 3.8482934448901944 3.957517645755679
3.8001071326731015 3.699301270992166 3.597214070787156 3.493551837288179 3.3882172696714234 3.2812733682769064 3.172917515914013 3.0634624278993186 2.953321827580349 2.8429993966600224 2.733079964408098 2.6242221417517135 2.5171517345294694 2.412655319990949 2.311573365292814 2.2147922261402826 2.1232343106836176 2.037845659619328 1.9595802217657414 1.88938025079049 1.8281525726136199 1.7767410171443947 1.7358960661945062 1.7062436502002591 1.6882558350337837 1.6822266070447431 1.6882558350337837 1.7062436502002591 1.7358960661945062 1.7767410171443947 1.8281525726136199 1.8893802507904893 1.9595802217657416 2.0378456596193284 2.123234310683618 2.214792226140282 2.311573365292814 2.4126553199909493 2.5171517345294694 2.6242221417517135 2.733079964408098 2.842999396660021 2.953321827580349 3.0634624278993186 3.1729175159140124 3.2812733682769064 3.388217269671423 3.493551837288179 3.5972140707871545 3.6993012709921658 3.800107132673101
3.652681864514891 3.5589652458115895 3.462976053425581 3.3645865290930574 3.2638257876023236 3.160854824233607 3.055948169303586 2.949480156752743 2.841914443796003 2.733795825070699 2.625743627376789 2.518446105757192 2.4126553199909497 2.3091819713973285 2.2088896363303077 2.112687758041062 2.0215226713512697 1.9363658645577981 1.8581986757696491 1.7879927389555728 1.7266858101844116 1.6751531760473914 1.6341756818205455 1.6044064258257569 1.5863391297267484 1.5802817904840907 1.5863391297267482 1.6044064258257562 1.6341756818205455 1.6751531760473914 1.7266858101844116 1.787992738955572 1.8581986757696494 1.9363658645577988 2.0215226713512697 2.112687758041062 2.2088896363303077 2.3091819713973294 2.4126553199909493 2.5184461057571914 2.625743627376789 2.733795825070698 2.841914443796003 2.9494801567527427 3.0559481693035857 3.160854824233607 3.263825787602323 3.3645865290930574 3.4629760534255807 3.5589652458115895 3.652681864514891
3.514992505650843 3.427289858582209 3.336509674825779 3.2426466576839728 3.145824905910473 3.0462801830160546 2.9443466666133165 2.840446892685303 2.7350840060379733 2.6288356705041775 2.5223491336823307 2.416337010636309 2.3115733652928148 2.208889636330307 2.109169882608694 2.013344719860135 1.922383200626048 1.8372817816363685 1.7590494747716712 1.6886883598100444 1.62716893634085 1.5754003889661217 1.5341967623450983 1.5042412054528935 1.4860516023649941 1.4799516734574967 1.4860516023649941 1.5042412054528935 1.5341967623450978 1.5754003889661217 1.6271689363408492 1.6886883598100444 1.7590494747716712 1.8372817816363691 1.9223832006260482 2.013344719860134 2.109169882608694 2.2088896363303077 2.311573365292814 2.416337010636309 2.5223491336823303 2.6288356705041775 2.7350840060379733 2.840446892685302 2.944346666613316 3.0462801830160546 3.1458249059104726 3.2426466576839728 3.3365096748257788 3.427289858582209 3.514992505650842
3.3870683205380026 3.30448984603027 3.218170671586188 3.1281973091896687 3.0347661490878814 2.938170589758712 2.8387912869391294 2.737088689024958 2.6335972663854745 2.5289209884623047 2.4237296831033963 2.3187559424593305 2.2147922261402826 2.1126877580410612 2.013344719860134 1.9177131158987606 1.826783531949178 1.7415768625022559 1.6631299847235732 1.5924763934338604 1.5306210834519776 1.4785095815322875 1.436992046643433 1.406784701991858 1.3884322628946695 1.3822760151681694 1.3884322628946695 1.406784701991858 1.436992046643433 1.4785095815322877 1.5306210834519773 1.5924763934338604 1.6631299847235732 1.7415768625022565 1.8267835319491783 1.91771311589876 2.013344719860134 2.112687758041062 2.214792226140282 2.31875594245933 2.4237296831033963 2.528920988462304 2.6335972663854745 2.7370886890249566 2.838791286939128 2.938170589758712 3.0347661490878806 3.1281973091896687 3.2181706715861864 3.30448984603027 3.387068320538002
3.26914141378548 3.19093494514957 3.1084356007505742 3.02179959821714 2.93127890137079 2.8372116693045677 2.7400149540725716 2.6401790952692687 2.5382634092026897 2.4348928598495387 2.3307554429723667 2.226600020451657 2.123234310683619 2.0215226713512697 1.9223832006260482 1.8267835319491792 1.7357345138197355 1.650280773290742 1.5714870105521104 1.500418849032929 1.4381172956000317 1.3855664893105197 1.3436555309594687 1.3131367406005225 1.2945843896385287 1.2883592357871863 1.2945843896385287 1.313136740600522 1.3436555309594684 1.3855664893105197 1.4381172956000314 1.5004188490329284 1.5714870105521104 1.650280773290742 1.7357345138197362 1.8267835319491783 1.9223832006260482 2.0215226713512697 2.123234310683618 2.2266000204516567 2.3307554429723663 2.4348928598495383 2.5382634092026897 2.6401790952692683 2.740014954072571 2.8372116693045673 2.9312789013707894 3.02179959821714 3.1084356007505742 3.1909349451495697 3.26914141378548
3.1615888809732953 3.0871055178203233 3.0078665854546527 2.9240817280647358 2.836045927081418 2.744132256047657 2.648786318863829 2.5505219985636933 2.449918239709696 2.3476166432047134 2.2443196749042316 2.140789280782595 2.037845659619329 1.9363658645577981 1.8372817816363691 1.7415768625022567 1.650280773290742 1.5644608818986514 1.4852092911915071 1.41362403016094 1.3507831846909721 1.2977113645186031 1.2553391110718246 1.2244576422370501 1.2056733901410823 1.1993684421500643 1.2056733901410823 1.22445764223705 1.2553391110718246 1.2977113645186034 1.350783184690972 1.4136240301609397 1.4852092911915071 1.5644608818986523 1.650280773290742 1.7415768625022565 1.8372817816363691 1.9363658645577988 2.0378456596193284 2.140789280782595 2.2443196749042307 2.3476166432047125 2.449918239709696 2.550521998563693 2.648786318863829 2.744132256047657 2.8360459270814173 2.9240817280647358 3.0078665854546522 3.087105517820323 3.1615888809732953
