test/standards/AN_laplacian_Synth.asc
ncols         101
nrows         101
xllcorner     0.0
yllcorner     0.0
cellsize      1
NODATA_value  -9999.
[rows 54 to 71 of 101, columns 0 to 40 of 101]
-0.018493794471171766 -0.02469097035010375 -0.030863688807061942 -0.03698758894234354 -0.043038502519858426 -0.04899254934811563 -0.05482623152442925 -0.06051652617040526 -0.06604097629272435 -0.07137777941063486 -0.07650587360038388 -0.08140502061700781 -0.08605588576543943 -0.09044011420571607 -0.09454040339114739 -0.0983405713535624 -0.10182562056614511 -0.10498179713182097 -0.10779664506360515 -0.11025905544269259 -0.11235931026028535 -0.11408912077013356 -0.11544166020043006 -0.11641159069596 -0.11699508438417658 -0.11718983848206534 -0.11699508438417658 -0.11641159069596001 -0.11544166020043008 -0.11408912077013356 -0.11235931026028537 -0.1102590554426926 -0.10779664506360513 -0.10498179713182094 -0.10182562056614511 -0.09834057135356242 -0.09454040339114739 -0.09044011420571607 -0.08605588576543946 -0.08140502061700783 -0.07650587360038388
-0.02454470804868671 -0.030741883927618695 -0.03691460238457689 -0.04303850251985848 -0.04908941609737337 -0.055043462925630574 -0.0608771451019442 -0.0665674397479202 -0.07209188987023929 -0.0774286929881498 -0.08255678717789883 -0.08745593419452276 -0.09210679934295438 -0.09649102778323101 -0.10059131696866233 -0.10439148493107735 -0.10787653414366005 -0.11103271070933592 -0.11384755864112009 -0.11630996902020753 -0.1184102238378003 -0.1201400343476485 -0.121492573777945 -0.12246250427347494 -0.12304599796169152 -0.12324075205958028 -0.12304599796169152 -0.12246250427347495 -0.12149257377794502 -0.1201400343476485 -0.11841022383780031 -0.11630996902020754 -0.11384755864112008 -0.11103271070933589 -0.10787653414366005 -0.10439148493107736 -0.10059131696866233 -0.09649102778323101 -0.0921067993429544 -0.08745593419452277 -0.08255678717789883
-0.03049875487694387 -0.03669593075587586 -0.04286864921283405 -0.048992549348115644 -0.05504346292563053 -0.060997509753887735 -0.06683119193020136 -0.07252148657617737 -0.07804593669849645 -0.08338273981640697 -0.08851083400615599 -0.09340998102277992 -0.09806084617121154 -0.10244507461148818 -0.10654536379691949 -0.11034553175933451 -0.11383058097191721 -0.11698675753759308 -0.11980160546937725 -0.12226401584846469 -0.12436427066605746 -0.12609408117590568 -0.12744662060620218 -0.1284165511017321 -0.1290000447899487 -0.12919479888783744 -0.1290000447899487 -0.1284165511017321 -0.12744662060620218 -0.12609408117590568 -0.12436427066605747 -0.1222640158484647 -0.11980160546937724 -0.11698675753759305 -0.11383058097191721 -0.11034553175933452 -0.10654536379691949 -0.10244507461148818 -0.09806084617121157 -0.09340998102277993 -0.08851083400615599
-0.036332437053257505 -0.04252961293218949 -0.04870233138914768 -0.054826231524429274 -0.06087714510194417 -0.06683119193020137 -0.07266487410651498 -0.078355168752491 -0.08387961887481007 -0.0892164219927206 -0.09434451618246961 -0.09924366319909356 -0.10389452834752518 -0.10827875678780181 -0.11237904597323313 -0.11617921393564815 -0.11966426314823085 -0.12282043971390671 -0.12563528764569087 -0.12809769802477833 -0.1301979528423711 -0.13192776335221928 -0.1332803027825158 -0.13425023327804575 -0.13483372696626234 -0.13502848106415108 -0.13483372696626234 -0.13425023327804575 -0.13328030278251582 -0.13192776335221928 -0.13019795284237112 -0.12809769802477833 -0.12563528764569087 -0.12282043971390669 -0.11966426314823085 -0.11617921393564816 -0.11237904597323313 -0.10827875678780181 -0.1038945283475252 -0.09924366319909357 -0.09434451618246963
-0.04202273169923352 -0.04821990757816551 -0.054392626035123695 -0.06051652617040529 -0.06656743974792018 -0.07252148657617738 -0.078355168752491 -0.08404546339846702 -0.0895699135207861 -0.09490671663869663 -0.10003481082844563 -0.10493395784506956 -0.1095848229935012 -0.11396905143377783 -0.11806934061920915 -0.12186950858162415 -0.12535455779420687 -0.12851073435988272 -0.1313255822916669 -0.13378799267075434 -0.1358882474883471 -0.13761805799819532 -0.13897059742849183 -0.13994052792402176 -0.14052402161223834 -0.1407187757101271 -0.14052402161223834 -0.13994052792402176 -0.13897059742849183 -0.13761805799819532 -0.13588824748834713 -0.13378799267075436 -0.13132558229166688 -0.1285107343598827 -0.12535455779420687 -0.12186950858162418 -0.11806934061920915 -0.11396905143377783 -0.10958482299350122 -0.10493395784506959 -0.10003481082844565
-0.04754718182155256 -0.05374435770048455 -0.05991707615744274 -0.06604097629272433 -0.07209188987023923 -0.07804593669849642 -0.08387961887481005 -0.08956991352078605 -0.09509436364310514 -0.10043116676101566 -0.10555926095076468 -0.11045840796738862 -0.11510927311582023 -0.11949350155609686 -0.12359379074152818 -0.1273939587039432 -0.1308790079165259 -0.13403518448220178 -0.13685003241398594 -0.1393124427930734 -0.14141269761066616 -0.14314250812051435 -0.14449504755081086 -0.1454649780463408 -0.14604847173455737 -0.14624322583244614 -0.14604847173455737 -0.14546497804634081 -0.14449504755081088 -0.14314250812051435 -0.14141269761066616 -0.1393124427930734 -0.13685003241398594 -0.13403518448220175 -0.1308790079165259 -0.1273939587039432 -0.12359379074152818 -0.11949350155609686 -0.11510927311582025 -0.11045840796738862 -0.10555926095076468
-0.052883984939463134 -0.05908116081839512 -0.06525387927535331 -0.0713777794106349 -0.0774286929881498 -0.083382739816407 -0.08921642199272062 -0.09490671663869663 -0.10043116676101571 -0.10576796987892623 -0.11089606406867525 -0.1157952110852992 -0.1204460762337308 -0.12483030467400744 -0.12893059385943875 -0.13273076182185378 -0.13621581103443647 -0.13937198760011235 -0.1421868355318965 -0.14464924591098396 -0.14674950072857673 -0.14847931123842492 -0.14983185066872143 -0.15080178116425136 -0.15138527485246794 -0.15158002895035672 -0.15138527485246794 -0.1508017811642514 -0.14983185066872146 -0.14847931123842492 -0.14674950072857673 -0.14464924591098396 -0.1421868355318965 -0.13937198760011232 -0.13621581103443647 -0.13273076182185378 -0.12893059385943875 -0.12483030467400744 -0.12044607623373083 -0.1157952110852992 -0.11089606406867525
-0.05801207912921212 -0.0642092550081441 -0.0703819734651023 -0.07650587360038388 -0.08255678717789879 -0.08851083400615598 -0.09434451618246961 -0.10003481082844562 -0.1055592609507647 -0.11089606406867522 -0.11602415825842424 -0.12092330527504817 -0.1255741704234798 -0.12995839886375643 -0.13405868804918775 -0.13785885601160275 -0.14134390522418547 -0.14450008178986135 -0.1473149297216455 -0.14977734010073296 -0.1518775949183257 -0.15360740542817392 -0.15495994485847042 -0.15592987535400035 -0.15651336904221694 -0.15670812314010568 -0.15651336904221694 -0.15592987535400038 -0.15495994485847042 -0.15360740542817392 -0.15187759491832573 -0.14977734010073296 -0.1473149297216455 -0.1445000817898613 -0.14134390522418547 -0.13785885601160278 -0.13405868804918775 -0.12995839886375643 -0.12557417042347982 -0.12092330527504819 -0.11602415825842424
-0.06291122614583607 -0.06910840202476805 -0.07528112048172625 -0.08140502061700783 -0.08745593419452273 -0.09340998102277992 -0.09924366319909356 -0.10493395784506956 -0.11045840796738865 -0.11579521108529917 -0.12092330527504819 -0.1258224522916721 -0.13047331744010374 -0.13485754588038038 -0.1389578350658117 -0.14275800302822672 -0.1462430522408094 -0.14939922880648526 -0.15221407673826945 -0.15467648711735688 -0.15677674193494967 -0.15850655244479786 -0.15985909187509437 -0.1608290223706243 -0.16141251605884088 -0.16160727015672965 -0.16141251605884088 -0.1608290223706243 -0.1598590918750944 -0.15850655244479786 -0.15677674193494967 -0.1546764871173569 -0.15221407673826942 -0.14939922880648526 -0.1462430522408094 -0.14275800302822672 -0.1389578350658117 -0.13485754588038038 -0.13047331744010376 -0.12582245229167213 -0.12092330527504819
-0.0675620912942677 -0.07375926717319968 -0.07993198563015788 -0.08605588576543946 -0.09210679934295436 -0.09806084617121155 -0.10389452834752519 -0.1095848229935012 -0.11510927311582028 -0.1204460762337308 -0.12557417042347982 -0.13047331744010376 -0.13512418258853537 -0.139508411028812 -0.14360870021424332 -0.14740886817665833 -0.15089391738924104 -0.15405009395491692 -0.15686494188670108 -0.15932735226578854 -0.16142760708338127 -0.1631574175932295 -0.164509957023526 -0.16547988751905593 -0.16606338120727251 -0.16625813530516126 -0.16606338120727251 -0.16547988751905596 -0.164509957023526 -0.1631574175932295 -0.1614276070833813 -0.15932735226578854 -0.15686494188670108 -0.15405009395491687 -0.15089391738924104 -0.14740886817665835 -0.14360870021424332 -0.139508411028812 -0.1351241825885354 -0.13047331744010376 -0.12557417042347982
-0.07194631973454431 -0.07814349561347629 -0.08431621407043449 -0.09044011420571607 -0.09649102778323097 -0.10244507461148816 -0.1082787567878018 -0.11396905143377781 -0.11949350155609689 -0.12483030467400741 -0.12995839886375643 -0.13485754588038035 -0.13950841102881198 -0.14389263946908862 -0.14799292865451993 -0.15179309661693496 -0.15527814582951766 -0.1584343223951935 -0.1612491703269777 -0.16371158070606512 -0.1658118355236579 -0.1675416460335061 -0.1688941854638026 -0.16986411595933254 -0.17044760964754913 -0.1706423637454379 -0.17044760964754913 -0.16986411595933254 -0.16889418546380264 -0.1675416460335061 -0.1658118355236579 -0.16371158070606515 -0.16124917032697766 -0.1584343223951935 -0.15527814582951766 -0.15179309661693496 -0.14799292865451993 -0.14389263946908862 -0.139508411028812 -0.13485754588038038 -0.12995839886375643
-0.07604660891997563 -0.08224378479890761 -0.08841650325586581 -0.09454040339114739 -0.10059131696866229 -0.10654536379691948 -0.11237904597323312 -0.11806934061920912 -0.12359379074152821 -0.12893059385943872 -0.13405868804918775 -0.13895783506581166 -0.1436087002142433 -0.14799292865451993 -0.15209321783995125 -0.15589338580236628 -0.15937843501494897 -0.16253461158062482 -0.165349459512409 -0.16781186989149643 -0.16991212470908923 -0.17164193521893742 -0.17299447464923393 -0.17396440514476386 -0.17454789883298044 -0.1747426529308692 -0.17454789883298044 -0.17396440514476386 -0.17299447464923395 -0.17164193521893742 -0.16991212470908923 -0.16781186989149646 -0.16534945951240898 -0.16253461158062482 -0.15937843501494897 -0.15589338580236628 -0.15209321783995125 -0.14799292865451993 -0.14360870021424332 -0.1389578350658117 -0.13405868804918775
-0.07984677688239065 -0.08604395276132264 -0.09221667121828084 -0.09834057135356242 -0.10439148493107732 -0.11034553175933451 -0.11617921393564815 -0.12186950858162415 -0.12739395870394324 -0.13273076182185375 -0.13785885601160278 -0.14275800302822672 -0.14740886817665833 -0.15179309661693496 -0.15589338580236628 -0.15969355376478128 -0.163178602977364 -0.16633477954303988 -0.16914962747482404 -0.1716120378539115 -0.17371229267150423 -0.17544210318135245 -0.17679464261164896 -0.17776457310717889 -0.17834806679539547 -0.17854282089328422 -0.17834806679539547 -0.1777645731071789 -0.17679464261164896 -0.17544210318135245 -0.17371229267150426 -0.1716120378539115 -0.16914962747482404 -0.16633477954303982 -0.163178602977364 -0.1596935537647813 -0.15589338580236628 -0.15179309661693496 -0.14740886817665835 -0.14275800302822672 -0.13785885601160278
-0.08333182609497335 -0.08952900197390533 -0.09570172043086353 -0.10182562056614511 -0.10787653414366001 -0.1138305809719172 -0.11966426314823084 -0.12535455779420684 -0.13087900791652593 -0.13621581103443645 -0.14134390522418547 -0.1462430522408094 -0.15089391738924102 -0.15527814582951766 -0.15937843501494897 -0.16317860297736397 -0.1666636521899467 -0.16981982875562257 -0.17263467668740673 -0.17509708706649418 -0.17719734188408692 -0.17892715239393514 -0.18027969182423165 -0.18124962231976158 -0.18183311600797816 -0.1820278701058669 -0.18183311600797816 -0.1812496223197616 -0.18027969182423165 -0.17892715239393514 -0.17719734188408695 -0.17509708706649418 -0.17263467668740673 -0.16981982875562252 -0.1666636521899467 -0.163178602977364 -0.15937843501494897 -0.15527814582951766 -0.15089391738924104 -0.1462430522408094 -0.14134390522418547
-0.08648800266064918 -0.09268517853958116 -0.09885789699653935 -0.10498179713182096 -0.11103271070933585 -0.11698675753759305 -0.12282043971390666 -0.1285107343598827 -0.13403518448220175 -0.13937198760011227 -0.1445000817898613 -0.14939922880648523 -0.15405009395491687 -0.1584343223951935 -0.16253461158062482 -0.16633477954303982 -0.16981982875562252 -0.1729760053212984 -0.17579085325308258 -0.17825326363217 -0.18035351844976277 -0.182083328959611 -0.1834358683899075 -0.1844057988854374 -0.18498929257365399 -0.18518404667154276 -0.18498929257365399 -0.18440579888543743 -0.1834358683899075 -0.182083328959611 -0.18035351844976277 -0.17825326363217003 -0.17579085325308255 -0.17297600532129837 -0.16981982875562252 -0.16633477954303982 -0.16253461158062482 -0.1584343223951935 -0.15405009395491687 -0.14939922880648526 -0.1445000817898613
-0.08930285059243337 -0.09550002647136535 -0.10167274492832354 -0.10779664506360515 -0.11384755864112003 -0.11980160546937724 -0.12563528764569085 -0.13132558229166685 -0.13685003241398594 -0.14218683553189648 -0.14731492972164548 -0.15221407673826942 -0.15686494188670103 -0.16124917032697766 -0.16534945951240898 -0.169149627474824 -0.17263467668740673 -0.17579085325308258 -0.17860570118486674 -0.1810681115639542 -0.18316836638154696 -0.18489817689139515 -0.18625071632169166 -0.18722064681722161 -0.1878041405054382 -0.18799889460332694 -0.1878041405054382 -0.18722064681722161 -0.18625071632169168 -0.18489817689139515 -0.183168366381547 -0.1810681115639542 -0.17860570118486674 -0.17579085325308255 -0.17263467668740673 -0.16914962747482404 -0.16534945951240898 -0.16124917032697766 -0.15686494188670108 -0.15221407673826942 -0.1473149297216455
-0.09176526097152084 -0.09796243685045282 -0.10413515530741102 -0.1102590554426926 -0.1163099690202075 -0.12226401584846469 -0.12809769802477833 -0.13378799267075434 -0.13931244279307342 -0.14464924591098394 -0.14977734010073296 -0.15467648711735688 -0.1593273522657885 -0.16371158070606515 -0.16781186989149646 -0.1716120378539115 -0.17509708706649418 -0.17825326363217003 -0.18106811156395422 -0.18353052194304165 -0.18563077676063444 -0.18736058727048263 -0.18871312670077914 -0.18968305719630907 -0.19026655088452565 -0.19046130498241443 -0.19026655088452565 -0.18968305719630907 -0.18871312670077917 -0.18736058727048263 -0.18563077676063444 -0.18353052194304167 -0.1810681115639542 -0.17825326363217003 -0.17509708706649418 -0.1716120378539115 -0.16781186989149646 -0.16371158070606515 -0.15932735226578854 -0.1546764871173569 -0.14977734010073296
-0.0938655157891136 -0.10006269166804559 -0.10623541012500379 -0.11235931026028537 -0.11841022383780027 -0.12436427066605746 -0.1301979528423711 -0.1358882474883471 -0.1414126976106662 -0.1467495007285767 -0.15187759491832573 -0.15677674193494967 -0.16142760708338127 -0.1658118355236579 -0.16991212470908923 -0.17371229267150423 -0.17719734188408695 -0.18035351844976283 -0.183168366381547 -0.18563077676063444 -0.18773103157822718 -0.1894608420880754 -0.1908133815183719 -0.19178331201390184 -0.19236680570211842 -0.19256155980000716 -0.19236680570211842 -0.19178331201390186 -0.1908133815183719 -0.1894608420880754 -0.1877310315782272 -0.18563077676063444 -0.183168366381547 -0.18035351844976277 -0.17719734188408695 -0.17371229267150426 -0.16991212470908923 -0.1658118355236579 -0.1614276070833813 -0.15677674193494967 -0.15187759491832573
