test/standards/AN_LCSD_Synth.asc
ncols         101
nrows         101
xllcorner     0.0
yllcorner     0.0
cellsize      1
NODATA_value  -9999.
[rows 0 to 22 of 101, columns 0 to 50 of 101]
7.269895777822018 6.420007735545442 5.9109831249445675 5.537583773167835 5.236075828857474 4.978507941986136 4.750340181115987 4.543225656611378 4.352087835051304 4.173749878898812 4.006220903900482 3.8482934448901958 3.699301270992168 3.55896524581159 3.42728985858221 3.3044898460302723 3.1909349451495705 3.0871055178203237 2.9935545258468417 2.910873068147681 2.8396579110795623 2.7804803972141503 2.733856914768141 2.7002217638458905 2.6799037215659376 2.673107816554672 2.6799037215659376 2.7002217638458905 2.733856914768141 2.7804803972141503 2.839657911079562 2.91087306814768 2.9935545258468417 3.087105517820324 3.1909349451495705 3.304489846030271 3.42728985858221 3.5589652458115903 3.6993012709921667 3.8482934448901953 4.006220903900482 4.173749878898811 4.352087835051305 4.543225656611377 4.750340181115986 4.978507941986136 5.236075828857473 5.537583773167835 5.910983124944565 6.42000773554544 7.269895777822016
0.0 7.269895777822012 6.409938355374667 5.892648752583002 5.512174134603415 5.204583072349476 4.94185134053377 4.709418546634991 4.4989434240041755 4.305369263674548 4.125546994834729 3.9575176457556798 3.8001071326731033 3.652681864514891 3.514992505650843 3.387068320538003 3.26914141378548 3.1615888809732953 3.0648856725499045 2.9795638087731344 2.9061754224227223 2.8452584226446564 2.7973045900346287 2.762730704946207 2.7418538656795026 2.7348724195180822 2.7418538656795026 2.762730704946207 2.7973045900346287 2.8452584226446564 2.9061754224227223 2.979563808773134 3.064885672549905 3.1615888809732957 3.2691414137854804 3.3870683205380026 3.514992505650843 3.6526818645148915 3.800107132673102 3.9575176457556793 4.125546994834728 4.305369263674546 4.4989434240041755 4.709418546634991 4.941851340533769 5.204583072349475 5.512174134603414 5.892648752583003 6.409938355374663 7.269895777822009 0.0
0.0 0.0 7.246894914531588 6.3797964077685165 5.856103223554521 5.470019732889692 5.1576250646330335 4.890913584048244 4.655352495938308 4.442634327653643 4.247739893530801 4.0675594176933085 3.9001733108550174 3.744445330398637 3.5997764497090827 3.465946667925083 3.3430071230567058 3.231201820095181 3.1309070627792974 3.042581558021857 2.9667231028707506 2.903829702855538 2.8543643546874735 2.8187237440438753 2.797211806990329 2.790019461315591 2.797211806990329 2.8187237440438753 2.8543643546874735 2.903829702855538 2.9667231028707497 3.042581558021856 3.1309070627792974 3.231201820095181 3.3430071230567058 3.4659466679250817 3.5997764497090827 3.744445330398637 3.900173310855016 4.067559417693308 4.247739893530801 4.44263432765364 4.655352495938308 4.890913584048243 5.157625064633033 5.47001973288969 5.856103223554519 6.3797964077685165 7.246894914531583 0.0 0.0
0.0 0.0 0.0 7.201042040152144 6.329781146190996 5.801594283700901 5.411415353853053 5.09554286687609 4.82608184162312 4.588575632481613 4.374779121755815 4.179728618788155 4.0003652995500865 3.834816372932468 3.6819876139346923 3.5413159262750855 3.4126093086145906 3.295936684534199 3.1915470322665858 3.0998060987061002 3.021143959652555 2.956009729209942 2.9048317322121413 2.8679828448148617 2.8457516368761193 2.838320451454652 2.8457516368761193 2.867982844814861 2.904831732212141 2.956009729209942 3.0211439596525547 3.0998060987060994 3.1915470322665858 3.2959366845342 3.4126093086145906 3.5413159262750846 3.6819876139346923 3.834816372932469 4.000365299550085 4.179728618788154 4.3747791217558145 4.588575632481613 4.82608184162312 5.095542866876087 5.4114153538530525 5.8015942837009 6.32978114619099 7.201042040152145 0.0 0.0 0.0
0.0 0.0 0.0 0.0 7.132636332378147 6.260226968271029 5.7294969521742365 5.336778483137452 5.018797741109573 4.747862542381571 4.5096411797659615 4.295979692549628 4.1019880215998645 3.924669975436281 3.7622067969973765 3.613550011632804 3.4781730624944096 3.3559095206243623 3.246840607902 3.1512117464021414 3.069366762502467 3.0016934415061356 2.948577242094846 2.9103620028417385 2.887317778782126 2.8796166772448943 2.887317778782126 2.9103620028417385 2.948577242094846 3.0016934415061356 3.069366762502467 3.151211746402141 3.246840607902 3.355909520624363 3.47817306249441 3.613550011632803 3.7622067969973765 3.924669975436281 4.101988021599863 4.295979692549627 4.509641179765961 4.74786254238157 5.018797741109575 5.33677848313745 5.729496952174234 6.260226968271028 7.132636332378137 0.0 0.0 0.0 0.0
0.0 0.0 0.0 0.0 0.0 7.042130371989858 6.171607092410601 5.64031793345171 5.246654582696838 4.927977433738317 4.6568888232847465 4.419230761544924 4.206969342802339 4.015306326981569 3.841319737857312 3.683251755258714 3.5401027495037773 3.411382327110669 3.296945880626554 3.196879868909437 3.111416002521338 3.0408634758823263 2.985553516486725 2.945793646858886 2.92183099358353 2.9138250824172913 2.92183099358353 2.945793646858886 2.985553516486725 3.0408634758823263 3.111416002521337 3.196879868909436 3.2969458806265544 3.4113823271106707 3.5401027495037782 3.6832517552587136 3.841319737857312 4.015306326981569 4.2069693428023385 4.419230761544924 4.656888823284746 4.927977433738316 5.246654582696839 5.640317933451707 6.171607092410598 7.042130371989855 0.0 0.0 0.0 0.0 0.0
0.0 0.0 0.0 0.0 0.0 0.0 6.930135100038865 6.064539155213829 5.534702089078552 5.141724632686928 4.823804988949833 4.553930826995418 4.318166405096809 4.108626720994062 3.920623466378271 3.7513202186764514 3.5990264771795646 3.4627936849595238 3.342166005972511 3.2370153787415696 3.1474248068326918 3.073600735086344 3.015804345259048 2.9742967311628177 2.949295949279944 2.9409456701826344 2.949295949279944 2.9742967311628172 3.015804345259048 3.0736007350863446 3.1474248068326918 3.2370153787415696 3.342166005972511 3.4627936849595247 3.599026477179565 3.75132021867645 3.920623466378271 4.108626720994062 4.318166405096808 4.553930826995417 4.823804988949833 5.141724632686926 5.534702089078553 6.064539155213827 6.930135100038861 0.0 0.0 0.0 0.0 0.0 0.0
0.0 0.0 0.0 0.0 0.0 0.0 0.0 6.797427102556671 5.939793235659317 5.4134415523187815 5.022815614294234 4.70715087452002 4.439909753638465 4.207426806441923 4.001994581616881 3.819052595244758 3.65586089442811 3.510801937136809 3.382979350212448 3.271968800305034 3.1776518905900453 3.1000980618599523 3.039476255146313 2.9959870252288314 2.9698108099380645 2.9610708699157993 2.9698108099380645 2.995987025228831 3.0394762551463126 3.1000980618599523 3.1776518905900453 3.2719688003050336 3.382979350212448 3.5108019371368093 3.655860894428111 3.819052595244758 4.001994581616881 4.207426806441923 4.439909753638465 4.7071508745200195 5.022815614294234 5.413441552318779 5.939793235659318 6.797427102556665 0.0 0.0 0.0 0.0 0.0 0.0 0.0
0.0 0.0 0.0 0.0 0.0 0.0 0.0 0.0 6.644958890694946 5.798303044838323 5.277488325442903 4.890914896746505 4.579049527924153 4.315916939409479 4.088169314811907 3.8883050364669005 3.711908945647507 3.5563478406647913 3.4200817880830643 3.302266366807809 3.2025041501439833 3.1206781411298747 3.056833477347937 3.011090303593737 2.9835794704673857 2.974397470707885 2.9835794704673857 3.0110903035937366 3.0568334773479364 3.1206781411298756 3.2025041501439824 3.302266366807808 3.4200817880830643 3.5563478406647917 3.711908945647508 3.888305036466899 4.088169314811907 4.315916939409479 4.579049527924151 4.890914896746504 5.277488325442902 5.79830304483832 6.644958890694948 0.0 0.0 0.0 0.0 0.0 0.0 0.0 0.0
0.0 0.0 0.0 0.0 0.0 0.0 0.0 0.0 0.0 6.473873137161429 5.641181336104217 5.127971552372186 4.747189891729032 4.440721886574129 4.183239755316754 3.9617596870654976 3.769013633514484 3.6007486702368 3.4544477618856857 3.3286520259140495 3.222567333639083 3.135817282997968 3.0682775227133487 3.019959419115487 2.9909273029875485 2.9812419520344164 2.9909273029875485 3.0199594191154864 3.0682775227133487 3.1358172829979685 3.2225673336390828 3.328652025914049 3.4544477618856857 3.600748670236801 3.769013633514485 3.9617596870654967 4.183239755316754 4.4407218865741305 4.747189891729031 5.127971552372184 5.641181336104216 6.473873137161421 0.0 0.0 0.0 0.0 0.0 0.0 0.0 0.0 0.0
0.0 0.0 0.0 0.0 0.0 0.0 0.0 0.0 0.0 0.0 6.285522231861179 5.469741030373879 4.966221155848287 4.593014905351626 4.293606116237105 4.043396865898261 3.8298125206069384 3.6458455900742313 3.48742149139448 3.3521477118503245 3.238648602905084 3.146177568030649 3.0743731331872457 3.0230966492558724 2.99232161934464 2.9820603606250145 2.99232161934464 3.0230966492558724 3.0743731331872453 3.146177568030649 3.2386486029050836 3.3521477118503245 3.48742149139448 3.645845590074232 3.8298125206069398 4.043396865898261 4.293606116237105 4.593014905351626 4.9662211558482845 5.469741030373878 6.285522231861176 0.0 0.0 0.0 0.0 0.0 0.0 0.0 0.0 0.0 0.0
0.0 0.0 0.0 0.0 0.0 0.0 0.0 0.0 0.0 0.0 0.0 6.081495082977436 5.285524175026175 4.7938002383033105 4.430007934260028 4.139399694289545 3.89818647865853 3.6942465421699744 3.520859000857952 3.3741427716603556 3.251837180441648 3.1526511936562542 3.075883232305556 3.0211833095841447 2.988398543162621 2.97747433772728 2.988398543162621 3.0211833095841447 3.0758832323055554 3.1526511936562542 3.2518371804416475 3.3741427716603556 3.520859000857952 3.694246542169975 3.898186478658531 4.139399694289543 4.430007934260028 4.793800238303311 5.285524175026173 6.0814950829774315 0.0 0.0 0.0 0.0 0.0 0.0 0.0 0.0 0.0 0.0 0.0
0.0 0.0 0.0 0.0 0.0 0.0 0.0 0.0 0.0 0.0 0.0 0.0 5.863653890938052 5.090341751996189 4.612549675712038 4.260081346373694 3.9801173953426403 3.7497528456257183 3.557360865721996 3.3965321954789727 3.2635935966422776 3.1564231803689156 3.073816874610174 3.0151195538855293 2.9799987054727644 2.9683055627733324 2.9799987054727644 3.015119553885529 3.0738168746101735 3.1564231803689156 3.2635935966422776 3.3965321954789713 3.5573608657219977 3.7497528456257196 3.9801173953426408 4.260081346373693 4.612549675712038 5.09034175199619 5.863653890938045 0.0 0.0 0.0 0.0 0.0 0.0 0.0 0.0 0.0 0.0 0.0 0.0
0.0 0.0 0.0 0.0 0.0 0.0 0.0 0.0 0.0 0.0 0.0 0.0 0.0 5.634184775650633 4.886328657687384 4.424649849905769 4.085512163420404 3.818171827134053 3.60067879592495 3.4219414247383355 3.27588636761989 3.1590627688087647 3.0694965132871603 3.006078746522649 2.9682152688212846 2.955621863905847 2.9682152688212846 3.006078746522649 3.06949651328716 3.159062768808766 3.2758863676198895 3.421941424738334 3.60067879592495 3.8181718271340537 4.085512163420406 4.424649849905768 4.886328657687384 5.634184775650636 0.0 0.0 0.0 0.0 0.0 0.0 0.0 0.0 0.0 0.0 0.0 0.0 0.0
0.0 0.0 0.0 0.0 0.0 0.0 0.0 0.0 0.0 0.0 0.0 0.0 0.0 0.0 5.395667813717737 4.67602010720481 4.232706736066519 3.909040371084165 3.6564864476119925 3.4541161615452207 3.291412068155905 3.1626618049525983 3.0646550209905525 2.99558321875417 2.9544594919309652 2.940799752787112 2.9544594919309652 2.9955832187541698 3.0646550209905508 3.1626618049525983 3.2914120681559043 3.4541161615452194 3.6564864476119934 3.909040371084166 4.232706736066522 4.676020107204807 5.395667813717737 0.0 0.0 0.0 0.0 0.0 0.0 0.0 0.0 0.0 0.0 0.0 0.0 0.0 0.0
0.0 0.0 0.0 0.0 0.0 0.0 0.0 0.0 0.0 0.0 0.0 0.0 0.0 0.0 0.0 5.1511745079672355 4.462458616047025 4.03987305398162 3.734007972058782 3.49865641468966 3.313973097598545 3.1700547310558296 3.0615806681143773 2.9856124529365498 2.9405518346708193 2.9256105350124795 2.940551834670819 2.9856124529365493 3.0615806681143773 3.1700547310558296 3.313973097598545 3.498656414689659 3.7340079720587824 4.039873053981621 4.462458616047026 5.151174507967232 0.0 0.0 0.0 0.0 0.0 0.0 0.0 0.0 0.0 0.0 0.0 0.0 0.0 0.0 0.0
0.0 0.0 0.0 0.0 0.0 0.0 0.0 0.0 0.0 0.0 0.0 0.0 0.0 0.0 0.0 0.0 4.904404402011842 4.2493451999113 3.8500207991566273 3.564558730810839 3.3491823672756635 3.1851911747907673 3.0633440445201665 2.978762610949435 2.9288514064231865 2.91234113624502 2.928851406423186 2.978762610949435 3.063344044520166 3.1851911747907673 3.3491823672756635 3.5645587308108375 3.8500207991566286 4.249345199911303 4.9044044020118465 0.0 0.0 0.0 0.0 0.0 0.0 0.0 0.0 0.0 0.0 0.0 0.0 0.0 0.0 0.0 0.0
0.0 0.0 0.0 0.0 0.0 0.0 0.0 0.0 0.0 0.0 0.0 0.0 0.0 0.0 0.0 0.0 0.0 4.659878261724073 4.041255748798594 3.66799117555935 3.4059320347377495 3.2138220137243634 3.074175885576345 2.9784921319620654 2.922445404443702 2.903967841480164 2.922445404443702 2.978492131962065 3.074175885576345 3.2138220137243634 3.405932034737748 3.667991175559348 4.041255748798595 4.659878261724079 0.0 0.0 0.0 0.0 0.0 0.0 0.0 0.0 0.0 0.0 0.0 0.0 0.0 0.0 0.0 0.0 0.0
0.0 0.0 0.0 0.0 0.0 0.0 0.0 0.0 0.0 0.0 0.0 0.0 0.0 0.0 0.0 0.0 0.0 0.0 4.4232146861739565 3.8439566241767333 3.4999668796963395 3.2649131528183237 3.100150894776607 2.989522874306231 2.9254378095454743 2.904414567432106 2.9254378095454743 2.9895228743062305 3.1001508947766063 3.2649131528183237 3.499966879696338 3.8439566241767307 4.423214686173959 0.0 0.0 0.0 0.0 0.0 0.0 0.0 0.0 0.0 0.0 0.0 0.0 0.0 0.0 0.0 0.0 0.0 0.0
0.0 0.0 0.0 0.0 0.0 0.0 0.0 0.0 0.0 0.0 0.0 0.0 0.0 0.0 0.0 0.0 0.0 0.0 0.0 4.201534665127115 3.6648806515683074 3.354055050804935 3.1505749265659357 3.018551348828676 2.9434150855776195 2.9189550295658306 2.9434150855776195 3.0185513488286753 3.150574926565935 3.354055050804935 3.6648806515683057 4.2015346651271095 0.0 0.0 0.0 0.0 0.0 0.0 0.0 0.0 0.0 0.0 0.0 0.0 0.0 0.0 0.0 0.0 0.0 0.0 0.0
0.0 0.0 0.0 0.0 0.0 0.0 0.0 0.0 0.0 0.0 0.0 0.0 0.0 0.0 0.0 0.0 0.0 0.0 0.0 0.0 4.004078288537624 3.5138922813661555 3.241287916080182 3.0756626313277606 2.984260077263671 2.95488106759234 2.984260077263671 3.0756626313277597 3.241287916080181 3.5138922813661555 4.00407828853762 0.0 0.0 0.0 0.0 0.0 0.0 0.0 0.0 0.0 0.0 0.0 0.0 0.0 0.0 0.0 0.0 0.0 0.0 0.0 0.0
0.0 0.0 0.0 0.0 0.0 0.0 0.0 0.0 0.0 0.0 0.0 0.0 0.0 0.0 0.0 0.0 0.0 0.0 0.0 0.0 0.0 3.8432276518015054 3.4046740872795165 3.1776356843531532 3.059743472018208 3.0227177396119944 3.059743472018208 3.1776356843531506 3.4046740872795143 3.8432276518015054 0.0 0.0 0.0 0.0 0.0 0.0 0.0 0.0 0.0 0.0 0.0 0.0 0.0 0.0 0.0 0.0 0.0 0.0 0.0 0.0 0.0
0.0 0.0 0.0 0.0 0.0 0.0 0.0 0.0 0.0 0.0 0.0 0.0 0.0 0.0 0.0 0.0 0.0 0.0 0.0 0.0 0.0 0.0 3.736497934357837 3.357802529247154 3.1891689879280145 3.138718084357917 3.1891689879280145 3.357802529247151 3.736497934357832 0.0 0.0 0.0 0.0 0.0 0.0 0.0 0.0 0.0 0.0 0.0 0.0 0.0 0.0 0.0 0.0 0.0 0.0 0.0 0.0 0.0 0.0
