test/standards/AN_mag_grad_sq_Synth.asc
ncols         101
nrows         101
xllcorner     0.0
yllcorner     0.0
cellsize      1
NODATA_value  -9999.
[rows 38 to 56 of 101, columns 0 to 43 of 101]
3.778566348895158 3.7688382515688414 3.739807377496011 3.6919315609029995 3.625965832017103 3.5429505097888714 3.4441947954407928 3.3312561255819397 3.2059156105022772 3.070149944999407 2.9261002347207867 2.776038229648636 2.6223304972456383 2.4674011002723386 2.313693367869341 2.1636313627971906 2.0195816525185695 1.8838159870156992 1.7584754719360378 1.6455368020771846 1.5467810877291053 1.4637657655008733 1.397800036614978 1.349924220021966 1.3208933459491354 1.3111652486228187 1.3208933459491354 1.3499242200219659 1.3978000366149779 1.4637657655008736 1.5467810877291048 1.6455368020771841 1.7584754719360378 1.8838159870157 2.0195816525185704 2.16363136279719 2.313693367869341 2.4674011002723386 2.6223304972456374 2.776038229648635 2.9261002347207867 3.0701499449994065 3.2059156105022772 3.3312561255819384
3.9322740812981563 3.9225459839718395 3.893515109899009 3.8456392933059975 3.7796735644201007 3.6966582421918694 3.5979025278437904 3.484963857984938 3.359623342905275 3.223857677402405 3.0798079671237844 2.9297459620516335 2.7760382296486363 2.6211088326753362 2.467401100272339 2.317339095200188 2.1732893849215675 2.0375237194186973 1.9121832043390357 1.7992445344801826 1.7004888201321031 1.6174734979038712 1.551507769017976 1.503631952424964 1.4746010783521333 1.4648729810258165 1.4746010783521333 1.5036319524249637 1.5515077690179757 1.6174734979038714 1.7004888201321027 1.799244534480182 1.9121832043390357 2.0375237194186977 2.173289384921568 2.3173390952001878 2.467401100272339 2.6211088326753362 2.776038229648635 2.929745962051633 3.0798079671237844 3.223857677402404 3.359623342905275 3.484963857984936
4.082336086370308 4.072607989043991 4.043577114971161 3.995701298378149 3.9297355694922524 3.8467202472640207 3.747964532915942 3.635025863057089 3.5096853479774266 3.3739196824745563 3.229869972195936 3.0798079671237852 2.9261002347207876 2.771170837747488 2.6174631053444903 2.46740110027234 2.323351389993719 2.1875857244908485 2.062245209411187 1.949306539552334 1.8505508252042546 1.7675355029760227 1.7015697740901274 1.6536939574971155 1.6246630834242848 1.614934986097968 1.6246630834242848 1.6536939574971152 1.7015697740901272 1.767535502976023 1.8505508252042542 1.9493065395523335 2.062245209411187 2.1875857244908494 2.3233513899937197 2.4674011002723395 2.6174631053444903 2.771170837747488 2.9261002347207867 3.0798079671237844 3.229869972195936 3.373919682474556 3.5096853479774266 3.6350258630570877
4.226385796648927 4.21665769932261 4.18762682524978 4.139751008656768 4.073785279770872 3.99076995754264 3.892014243194562 3.7790755733357084 3.6537350582560464 3.5179693927531757 3.373919682474556 3.2238576774024046 3.0701499449994074 2.9152205480261077 2.76151281562311 2.6114508105509593 2.4674011002723386 2.3316354347694683 2.2062949196898067 2.0933562498309537 1.9946005354828742 1.9115852132546423 1.845619484368747 1.797743667775735 1.7687127937029044 1.7589846963765876 1.7687127937029044 1.7977436677757348 1.8456194843687468 1.9115852132546425 1.9946005354828737 2.0933562498309533 2.2062949196898067 2.3316354347694688 2.4674011002723395 2.611450810550959 2.76151281562311 2.9152205480261077 3.0701499449994065 3.223857677402404 3.373919682474556 3.517969392753175 3.6537350582560464 3.7790755733357075
4.3621514621517985 4.352423364825482 4.323392490752651 4.27551667415964 4.209550945273743 4.126535623045511 4.027779908697433 3.9148412388385796 3.789500723758917 3.653735058256047 3.5096853479774266 3.3596233429052758 3.205915610502278 3.0509862135289785 2.897278481125981 2.7472164760538305 2.6031667657752093 2.467401100272339 2.3420605851926775 2.2291219153338244 2.130366200985745 2.047350878757513 1.981385149871618 1.933509333278606 1.9044784592057753 1.8947503618794586 1.9044784592057753 1.9335093332786057 1.9813851498716177 2.047350878757513 2.1303662009857445 2.229121915333824 2.3420605851926775 2.46740110027234 2.6031667657752102 2.74721647605383 2.897278481125981 3.0509862135289785 3.2059156105022772 3.359623342905275 3.5096853479774266 3.6537350582560464 3.789500723758917 3.9148412388385783
4.487491977231459 4.477763879905142 4.448733005832312 4.4008571892393 4.334891460353404 4.251876138125173 4.153120423777094 4.04018175391824 3.9148412388385783 3.779075573335708 3.6350258630570877 3.484963857984937 3.3312561255819393 3.1763267286086396 3.022618996205642 2.8725569911334916 2.7285072808548705 2.592741615352 2.4674011002723386 2.3544624304134856 2.255706716065406 2.1726913938371744 2.1067256649512793 2.058849848358267 2.0298189742854365 2.0200908769591197 2.0298189742854365 2.0588498483582667 2.106725664951279 2.1726913938371744 2.2557067160654056 2.354462430413485 2.4674011002723386 2.592741615352001 2.7285072808548714 2.872556991133491 3.022618996205642 3.1763267286086396 3.3312561255819384 3.484963857984936 3.6350258630570877 3.7790755733357075 3.9148412388385783 4.040181753918239
4.600430647090313 4.590702549763996 4.561671675691166 4.513795859098154 4.4478301302122585 4.364814807984026 4.266059093635947 4.153120423777095 4.027779908697433 3.892014243194562 3.7479645329159417 3.5979025278437904 3.4441947954407937 3.2892653984674936 3.1355576660644964 2.9854956609923455 2.8414459507137244 2.705680285210854 2.5803397701311925 2.4674011002723395 2.3686453859242604 2.2856300636960283 2.2196643348101333 2.171788518217121 2.1427576441442904 2.1330295468179736 2.1427576441442904 2.1717885182171206 2.219664334810133 2.2856300636960283 2.3686453859242595 2.467401100272339 2.5803397701311925 2.705680285210855 2.8414459507137253 2.9854956609923446 3.1355576660644964 3.2892653984674936 3.4441947954407923 3.5979025278437904 3.7479645329159417 3.892014243194561 4.027779908697433 4.153120423777093
4.699186361438392 4.6894582641120754 4.660427390039246 4.6125515734462335 4.546585844560337 4.463570522332105 4.364814807984027 4.251876138125174 4.126535623045511 3.990769957542641 3.8467202472640207 3.6966582421918694 3.5429505097888727 3.3880211128155726 3.2343133804125754 3.0842513753404246 2.9402016650618035 2.804435999558933 2.6790954844792716 2.5661568146204186 2.4674011002723395 2.3843857780441073 2.3184200491582123 2.2705442325652 2.2415133584923694 2.2317852611660527 2.2415133584923694 2.2705442325651997 2.318420049158212 2.3843857780441073 2.4674011002723386 2.566156814620418 2.6790954844792716 2.804435999558934 2.9402016650618044 3.0842513753404237 3.2343133804125754 3.3880211128155726 3.5429505097888714 3.6966582421918694 3.8467202472640207 3.99076995754264 4.126535623045511 4.251876138125173
4.782201683666624 4.772473586340308 4.743442712267477 4.695566895674466 4.629601166788569 4.546585844560337 4.4478301302122585 4.334891460353406 4.209550945273743 4.073785279770872 3.9297355694922524 3.7796735644201016 3.625965832017104 3.4710364350438043 3.3173287026408067 3.1672666975686563 3.023216987290035 2.887451321787165 2.7621108067075033 2.6491721368486503 2.5504164225005708 2.467401100272339 2.401435371386444 2.353559554793432 2.324528680720601 2.3148005833942844 2.324528680720601 2.3535595547934314 2.4014353713864436 2.467401100272339 2.5504164225005703 2.64917213684865 2.7621108067075033 2.887451321787166 3.023216987290036 3.167266697568656 3.3173287026408067 3.4710364350438043 3.625965832017103 3.7796735644201007 3.9297355694922524 4.073785279770872 4.209550945273743 4.334891460353404
4.84816741255252 4.8384393152262035 4.809408441153373 4.7615326245603615 4.695566895674466 4.6125515734462335 4.513795859098154 4.400857189239302 4.27551667415964 4.139751008656769 3.995701298378149 3.8456392933059975 3.691931560903001 3.5370021639297007 3.3832944315267035 3.2332324264545527 3.0891827161759315 2.9534170506730613 2.8280765355933997 2.7151378657345466 2.6163821513864676 2.5333668291582354 2.4674011002723404 2.419525283679328 2.3904944096064975 2.3807663122801808 2.3904944096064975 2.4195252836793277 2.46740110027234 2.5333668291582354 2.6163821513864667 2.715137865734546 2.8280765355933997 2.953417050673062 3.0891827161759324 3.2332324264545518 3.3832944315267035 3.5370021639297007 3.6919315609029995 3.8456392933059975 3.995701298378149 4.139751008656768 4.27551667415964 4.4008571892393
4.896043229145532 4.886315131819215 4.857284257746384 4.809408441153373 4.743442712267476 4.660427390039244 4.561671675691166 4.448733005832313 4.32339249075265 4.1876268252497795 4.04357711497116 3.893515109899009 3.739807377496011 3.5848779805227116 3.431170248119714 3.2811082430475635 3.1370585327689424 3.001292867266072 2.8759523521864105 2.7630136823275575 2.664257967979478 2.5812426457512463 2.5152769168653513 2.467401100272339 2.4383702261995084 2.4286421288731916 2.4383702261995084 2.4674011002723386 2.515276916865351 2.5812426457512463 2.6642579679794776 2.763013682327557 2.8759523521864105 3.001292867266073 3.1370585327689433 3.281108243047563 3.431170248119714 3.5848779805227116 3.7398073774960103 3.893515109899008 4.04357711497116 4.1876268252497795 4.32339249075265 4.448733005832311
4.925074103218362 4.9153460058920455 4.886315131819215 4.8384393152262035 4.772473586340308 4.6894582641120754 4.590702549763996 4.477763879905144 4.352423364825482 4.216657699322611 4.072607989043991 3.9225459839718395 3.768838251568843 3.6139088545955427 3.4602011221925455 3.3101391171203947 3.1660894068417735 3.0303237413389033 2.9049832262592417 2.7920445564003886 2.6932888420523096 2.6102735198240774 2.5443077909381824 2.49643197434517 2.4674011002723395 2.4576730029460228 2.4674011002723395 2.4964319743451697 2.544307790938182 2.6102735198240774 2.6932888420523087 2.792044556400388 2.9049832262592417 3.030323741338904 3.1660894068417744 3.3101391171203938 3.4602011221925455 3.6139088545955427 3.7688382515688414 3.9225459839718395 4.072607989043991 4.21665769932261 4.352423364825482 4.477763879905142
4.934802200544679 4.925074103218362 4.896043229145532 4.84816741255252 4.782201683666624 4.699186361438392 4.600430647090313 4.4874919772314605 4.3621514621517985 4.226385796648928 4.082336086370308 3.9322740812981563 3.7785663488951595 3.6236369519218594 3.4699292195188622 3.3198672144467114 3.1758175041680903 3.04005183866522 2.9147113235855584 2.8017726537267054 2.7030169393786263 2.620001617150394 2.554035888264499 2.506160071671487 2.4771291975986562 2.4674011002723395 2.4771291975986562 2.5061600716714865 2.5540358882644987 2.620001617150394 2.7030169393786254 2.801772653726705 2.9147113235855584 3.040051838665221 3.175817504168091 3.3198672144467105 3.4699292195188622 3.6236369519218594 3.778566348895158 3.9322740812981563 4.082336086370308 4.226385796648927 4.3621514621517985 4.487491977231459
4.925074103218362 4.9153460058920455 4.886315131819215 4.8384393152262035 4.772473586340308 4.6894582641120754 4.590702549763996 4.477763879905144 4.352423364825482 4.216657699322611 4.072607989043991 3.9225459839718395 3.768838251568843 3.6139088545955427 3.4602011221925455 3.3101391171203947 3.1660894068417735 3.0303237413389033 2.9049832262592417 2.7920445564003886 2.6932888420523096 2.6102735198240774 2.5443077909381824 2.49643197434517 2.4674011002723395 2.4576730029460228 2.4674011002723395 2.4964319743451697 2.544307790938182 2.6102735198240774 2.6932888420523087 2.792044556400388 2.9049832262592417 3.030323741338904 3.1660894068417744 3.3101391171203938 3.4602011221925455 3.6139088545955427 3.7688382515688414 3.9225459839718395 4.072607989043991 4.21665769932261 4.352423364825482 4.477763879905142
4.896043229145532 4.886315131819215 4.857284257746385 4.809408441153373 4.743442712267477 4.660427390039246 4.561671675691167 4.448733005832313 4.323392490752651 4.187626825249781 4.043577114971161 3.8935151098990097 3.739807377496012 3.5848779805227124 3.431170248119715 3.2811082430475644 3.1370585327689433 3.001292867266073 2.8759523521864114 2.7630136823275584 2.664257967979479 2.581242645751247 2.515276916865352 2.46740110027234 2.4383702261995093 2.4286421288731925 2.4383702261995093 2.4674011002723395 2.5152769168653517 2.581242645751247 2.6642579679794784 2.763013682327558 2.8759523521864114 3.001292867266074 3.137058532768944 3.281108243047564 3.431170248119715 3.5848779805227124 3.739807377496011 3.893515109899009 4.043577114971161 4.18762682524978 4.323392490752651 4.448733005832312
4.848167412552519 4.838439315226203 4.809408441153373 4.761532624560361 4.695566895674464 4.612551573446233 4.513795859098154 4.400857189239301 4.275516674159638 4.139751008656768 3.995701298378148 3.8456392933059966 3.691931560903 3.5370021639297 3.3832944315267026 3.2332324264545518 3.0891827161759307 2.9534170506730604 2.8280765355933988 2.7151378657345457 2.6163821513864667 2.5333668291582345 2.4674011002723395 2.4195252836793273 2.3904944096064966 2.38076631228018 2.3904944096064966 2.419525283679327 2.467401100272339 2.5333668291582345 2.616382151386466 2.7151378657345453 2.8280765355933988 2.9534170506730613 3.0891827161759315 3.233232426454551 3.3832944315267026 3.5370021639297 3.6919315609029986 3.8456392933059966 3.995701298378148 4.139751008656767 4.275516674159638 4.4008571892393
4.782201683666624 4.772473586340308 4.743442712267477 4.695566895674466 4.62960116678857 4.5465858445603375 4.4478301302122585 4.334891460353406 4.209550945273744 4.073785279770873 3.929735569492253 3.7796735644201016 3.625965832017105 3.4710364350438048 3.3173287026408076 3.1672666975686568 3.0232169872900356 2.8874513217871653 2.7621108067075038 2.6491721368486507 2.5504164225005717 2.4674011002723395 2.4014353713864445 2.3535595547934323 2.3245286807206016 2.314800583394285 2.3245286807206016 2.353559554793432 2.401435371386444 2.4674011002723395 2.5504164225005708 2.6491721368486503 2.7621108067075038 2.8874513217871662 3.0232169872900365 3.167266697568656 3.3173287026408076 3.4710364350438048 3.6259658320171035 3.7796735644201016 3.929735569492253 4.073785279770872 4.209550945273744 4.334891460353404
4.699186361438393 4.689458264112076 4.660427390039246 4.612551573446234 4.5465858445603375 4.463570522332105 4.364814807984027 4.251876138125175 4.126535623045512 3.9907699575426414 3.846720247264021 3.6966582421918703 3.5429505097888727 3.388021112815573 3.2343133804125754 3.084251375340425 2.940201665061804 2.8044359995589336 2.679095484479272 2.566156814620419 2.4674011002723395 2.384385778044108 2.3184200491582128 2.2705442325652005 2.24151335849237 2.231785261166053 2.24151335849237 2.2705442325652 2.3184200491582123 2.384385778044108 2.467401100272339 2.5661568146204186 2.679095484479272 2.8044359995589345 2.940201665061805 3.0842513753404246 3.2343133804125754 3.388021112815573 3.542950509788872 3.6966582421918694 3.846720247264021 3.990769957542641 4.126535623045512 4.251876138125173
4.600430647090313 4.590702549763996 4.561671675691167 4.513795859098154 4.4478301302122585 4.364814807984027 4.266059093635948 4.153120423777095 4.027779908697433 3.8920142431945624 3.747964532915942 3.5979025278437913 3.4441947954407937 3.289265398467494 3.1355576660644964 2.985495660992346 2.841445950713725 2.7056802852108546 2.580339770131193 2.46740110027234 2.3686453859242604 2.2856300636960287 2.2196643348101337 2.1717885182171215 2.142757644144291 2.133029546817974 2.142757644144291 2.171788518217121 2.2196643348101333 2.2856300636960287 2.36864538592426 2.4674011002723395 2.580339770131193 2.7056802852108555 2.8414459507137257 2.9854956609923455 3.1355576660644964 3.289265398467494 3.4441947954407928 3.5979025278437904 3.747964532915942 3.892014243194562 4.027779908697433 4.153120423777094
