test/standards/AN_mag_grad_sq_Synth.asc
ncols         101
nrows         101
xllcorner     0.0
yllcorner     0.0
cellsize      1
NODATA_value  -9999.
[rows 76 to 94 of 101, columns 44 to 87 of 101]
2.1427576441442904 2.2415133584923694 2.324528680720601 2.3904944096064975 2.4383702261995084 2.4674011002723395 2.4771291975986562 2.4674011002723395 2.4383702261995093 2.3904944096064966 2.3245286807206016 2.24151335849237 2.142757644144291 2.029818974285438 1.9044784592057744 1.7687127937029055 1.6246630834242861 1.4746010783521335 1.3208933459491368 1.1659639489758364 1.0122562165728386 0.8621942115006883 0.7181445012220669 0.5823788357191975 0.45703832063953465 0.34409965078068205 0.24534393643260335 0.16232861420437086 0.09636288531847587 0.04848706872546395 0.01945619465263321 0.009728097326316548 0.019456194652633096 0.04848706872546373 0.09636288531847553 0.16232861420437147 0.2453439364326028 0.3440996507806814 0.45703832063953387 0.5823788357191985 0.718144501222068 0.8621942115006873 1.0122562165728377 1.165963948975834
2.1717885182171206 2.2705442325651997 2.3535595547934314 2.4195252836793277 2.4674011002723386 2.4964319743451697 2.5061600716714865 2.4964319743451697 2.4674011002723395 2.419525283679327 2.353559554793432 2.2705442325652 2.171788518217121 2.058849848358268 1.933509333278605 1.7977436677757361 1.6536939574971168 1.5036319524249642 1.3499242200219674 1.194994823048667 1.0412870906456693 0.891225085573519 0.7471753752948975 0.6114097097920281 0.48606919471236526 0.37313052485351267 0.274374810505434 0.1913594882772015 0.1253937593913065 0.07751794279829458 0.04848706872546385 0.038758971399147184 0.04848706872546373 0.07751794279829437 0.12539375939130618 0.19135948827720212 0.27437481050543344 0.373130524853512 0.4860691947123645 0.6114097097920291 0.7471753752948986 0.891225085573518 1.0412870906456684 1.1949948230486647
2.219664334810133 2.318420049158212 2.4014353713864436 2.46740110027234 2.515276916865351 2.544307790938182 2.5540358882644987 2.544307790938182 2.5152769168653517 2.467401100272339 2.401435371386444 2.3184200491582123 2.2196643348101333 2.10672566495128 1.9813851498716168 1.845619484368748 1.7015697740901286 1.551507769017976 1.3978000366149792 1.2428706396416789 1.089162907238681 0.9391009021665307 0.7950511918879093 0.6592855263850399 0.5339450113053771 0.4210063414465245 0.32225062709844576 0.2392353048702133 0.1732695759843183 0.12539375939130637 0.09636288531847564 0.08663478799215898 0.09636288531847553 0.12539375939130618 0.17326957598431797 0.2392353048702139 0.3222506270984452 0.4210063414465238 0.5339450113053763 0.6592855263850409 0.7950511918879104 0.9391009021665297 1.0891629072386801 1.2428706396416764
2.2856300636960287 2.384385778044108 2.4674011002723395 2.533366829158236 2.5812426457512467 2.610273519824078 2.6200016171503946 2.610273519824078 2.5812426457512476 2.533366829158235 2.46740110027234 2.3843857780441082 2.285630063696029 2.172691393837176 2.0473508787575128 1.9115852132546438 1.7675355029760245 1.6174734979038718 1.4637657655008751 1.3088363685275748 1.155128636124577 1.0050666310524268 0.8610169207738052 0.7252512552709358 0.599910740191273 0.4869720703324204 0.38821635598434173 0.30520103375610924 0.23923530487021424 0.19135948827720234 0.16232861420437159 0.15260051687805493 0.16232861420437147 0.19135948827720212 0.2392353048702139 0.30520103375610985 0.3882163559843412 0.48697207033241974 0.5999107401912722 0.7252512552709369 0.8610169207738063 1.0050666310524257 1.155128636124576 1.3088363685275723
2.36864538592426 2.467401100272339 2.5504164225005708 2.616382151386467 2.664257967979478 2.693288842052309 2.703016939378626 2.693288842052309 2.664257967979479 2.6163821513864662 2.550416422500571 2.4674011002723395 2.3686453859242604 2.2557067160654074 2.130366200985744 1.994600535482875 1.8505508252042557 1.7004888201321031 1.5467810877291064 1.3918516907558063 1.2381439583528082 1.088081953280658 0.9440322430020366 0.8082665774991672 0.6829260624195044 0.5699873925606518 0.47123167821257306 0.38821635598434057 0.32225062709844554 0.27437481050543366 0.2453439364326029 0.23561583910628625 0.2453439364326028 0.27437481050543344 0.3222506270984452 0.3882163559843412 0.4712316782125725 0.5699873925606511 0.6829260624195035 0.8082665774991682 0.9440322430020377 1.088081953280657 1.2381439583528073 1.3918516907558036
2.4674011002723386 2.5661568146204177 2.6491721368486494 2.7151378657345457 2.7630136823275566 2.7920445564003877 2.8017726537267045 2.7920445564003877 2.7630136823275575 2.715137865734545 2.64917213684865 2.566156814620418 2.467401100272339 2.354462430413486 2.2291219153338226 2.0933562498309537 1.9493065395523343 1.7992445344801817 1.645536802077185 1.4906074051038847 1.3368996727008868 1.1868376676287367 1.042787957350115 0.9070222918472457 0.7816817767675829 0.6687431069087303 0.5699873925606516 0.4869720703324191 0.42100634144652416 0.3731305248535122 0.3440996507806815 0.3343715534543648 0.3440996507806814 0.373130524853512 0.4210063414465238 0.48697207033241974 0.5699873925606511 0.6687431069087296 0.7816817767675821 0.9070222918472468 1.0427879573501162 1.1868376676287355 1.336899672700886 1.4906074051038822
2.5803397701311908 2.67909548447927 2.7621108067075015 2.828076535593398 2.8759523521864088 2.90498322625924 2.9147113235855566 2.90498322625924 2.8759523521864097 2.828076535593397 2.762110806707502 2.6790954844792703 2.580339770131191 2.467401100272338 2.3420605851926752 2.2062949196898063 2.062245209411187 1.9121832043390343 1.7584754719360376 1.6035460749627373 1.4498383425597394 1.299776337487589 1.1557266272089677 1.0199609617060983 0.8946204466264354 0.7816817767675828 0.6829260624195042 0.5999107401912716 0.5339450113053766 0.4860691947123647 0.457038320639534 0.4473102233132173 0.45703832063953387 0.4860691947123645 0.5339450113053763 0.5999107401912722 0.6829260624195035 0.7816817767675821 0.8946204466264346 1.0199609617060992 1.1557266272089688 1.2997763374875881 1.4498383425597385 1.6035460749627348
2.7056802852108555 2.8044359995589345 2.8874513217871662 2.9534170506730626 3.0012928672660735 3.0303237413389046 3.0400518386652213 3.0303237413389046 3.0012928672660744 2.9534170506730617 2.8874513217871667 2.804435999558935 2.705680285210856 2.592741615352003 2.46740110027234 2.331635434769471 2.1875857244908516 2.037523719418699 1.8838159870157023 1.7288865900424017 1.5751788576394041 1.4251168525672537 1.2810671422886322 1.1453014767857628 1.0199609617061 0.9070222918472475 0.8082665774991687 0.7252512552709363 0.6592855263850412 0.6114097097920294 0.5823788357191986 0.5726507383928819 0.5823788357191985 0.6114097097920291 0.6592855263850409 0.7252512552709369 0.8082665774991682 0.9070222918472468 1.0199609617060992 1.1453014767857639 1.2810671422886335 1.4251168525672528 1.5751788576394032 1.7288865900423995
2.841445950713725 2.940201665061804 3.023216987290036 3.089182716175932 3.1370585327689433 3.166089406841774 3.1758175041680907 3.166089406841774 3.137058532768944 3.089182716175931 3.023216987290036 2.940201665061805 2.8414459507137257 2.7285072808548723 2.6031667657752093 2.4674011002723404 2.323351389993721 2.1732893849215684 2.0195816525185717 1.8646522555452714 1.7109445231422735 1.5608825180701231 1.4168328077915018 1.2810671422886324 1.1557266272089695 1.0427879573501169 0.9440322430020383 0.8610169207738058 0.7950511918879107 0.7471753752948989 0.7181445012220681 0.7084164038957514 0.718144501222068 0.7471753752948986 0.7950511918879104 0.8610169207738063 0.9440322430020377 1.0427879573501162 1.1557266272089688 1.2810671422886335 1.416832807791503 1.5608825180701222 1.7109445231422726 1.864652255545269
2.9854956609923446 3.0842513753404237 3.167266697568655 3.2332324264545518 3.281108243047562 3.3101391171203938 3.3198672144467105 3.3101391171203938 3.281108243047563 3.233232426454551 3.167266697568656 3.0842513753404237 2.9854956609923446 2.872556991133492 2.7472164760538287 2.6114508105509597 2.4674011002723404 2.3173390952001878 2.163631362797191 2.0087019658238905 1.8549942334208929 1.7049322283487425 1.5608825180701211 1.4251168525672517 1.2997763374875888 1.1868376676287362 1.0880819532806576 1.0050666310524252 0.9391009021665301 0.8912250855735182 0.8621942115006874 0.8524661141743708 0.8621942115006873 0.891225085573518 0.9391009021665297 1.0050666310524257 1.088081953280657 1.1868376676287355 1.2997763374875881 1.4251168525672528 1.5608825180701222 1.7049322283487416 1.854994233420892 2.0087019658238883
3.1355576660644946 3.2343133804125737 3.317328702640806 3.3832944315267017 3.431170248119713 3.4602011221925437 3.4699292195188605 3.4602011221925437 3.431170248119714 3.383294431526701 3.317328702640806 3.2343133804125745 3.1355576660644955 3.022618996205642 2.897278481125979 2.76151281562311 2.617463105344491 2.467401100272338 2.3136933678693414 2.1587639708960413 2.0050562384930433 1.8549942334208929 1.7109445231422715 1.5751788576394021 1.4498383425597392 1.3368996727008866 1.238143958352808 1.1551286361245756 1.0891629072386806 1.0412870906456686 1.012256216572838 1.0025281192465212 1.0122562165728377 1.0412870906456684 1.0891629072386801 1.155128636124576 1.2381439583528073 1.336899672700886 1.4498383425597385 1.5751788576394032 1.7109445231422726 1.854994233420892 2.0050562384930424 2.1587639708960387
3.2892653984674913 3.3880211128155704 3.4710364350438017 3.5370021639296985 3.584877980522709 3.6139088545955405 3.623636951921857 3.6139088545955405 3.58487798052271 3.5370021639296976 3.4710364350438025 3.3880211128155704 3.2892653984674913 3.1763267286086387 3.0509862135289754 2.9152205480261064 2.771170837747487 2.6211088326753345 2.4674011002723377 2.312471703299037 2.1587639708960396 2.008701965823889 1.8646522555452678 1.7288865900423984 1.6035460749627355 1.490607405103883 1.3918516907558043 1.308836368527572 1.2428706396416769 1.194994823048665 1.1659639489758342 1.1562358516495175 1.165963948975834 1.1949948230486647 1.2428706396416764 1.3088363685275723 1.3918516907558036 1.4906074051038822 1.6035460749627348 1.7288865900423995 1.864652255545269 2.0087019658238883 2.1587639708960387 2.312471703299035
3.4441947954407923 3.5429505097888714 3.625965832017103 3.6919315609029995 3.7398073774960103 3.7688382515688414 3.778566348895158 3.7688382515688414 3.739807377496011 3.6919315609029986 3.6259658320171035 3.542950509788872 3.4441947954407928 3.3312561255819397 3.2059156105022764 3.0701499449994074 2.9261002347207885 2.776038229648636 2.622330497245639 2.4674011002723386 2.313693367869341 2.1636313627971906 2.019581652518569 1.8838159870156996 1.7584754719360367 1.6455368020771841 1.5467810877291055 1.463765765500873 1.397800036614978 1.349924220021966 1.3208933459491354 1.3111652486228187 1.3208933459491352 1.3499242200219659 1.3978000366149776 1.4637657655008736 1.546781087729105 1.6455368020771834 1.758475471936036 1.8838159870157005 2.0195816525185704 2.1636313627971893 2.31369336786934 2.467401100272336
3.5979025278437913 3.6966582421918703 3.7796735644201016 3.8456392933059984 3.893515109899009 3.9225459839718404 3.932274081298157 3.9225459839718404 3.8935151098990097 3.8456392933059975 3.7796735644201025 3.6966582421918703 3.5979025278437913 3.4849638579849387 3.3596233429052753 3.2238576774024064 3.079807967123787 2.9297459620516344 2.7760382296486377 2.621108832675337 2.4674011002723395 2.317339095200189 2.173289384921568 2.037523719418698 1.9121832043390354 1.7992445344801828 1.7004888201321042 1.6174734979038718 1.5515077690179768 1.5036319524249648 1.4746010783521342 1.4648729810258174 1.474601078352134 1.5036319524249646 1.5515077690179764 1.6174734979038723 1.7004888201321036 1.7992445344801822 1.9121832043390348 2.0375237194186995 2.173289384921569 2.317339095200188 2.4674011002723386 2.621108832675335
3.7479645329159417 3.8467202472640207 3.9297355694922524 3.995701298378149 4.04357711497116 4.072607989043991 4.082336086370308 4.072607989043991 4.043577114971161 3.995701298378148 3.929735569492253 3.846720247264021 3.747964532915942 3.635025863057089 3.5096853479774257 3.3739196824745568 3.229869972195938 3.0798079671237852 2.9261002347207885 2.771170837747488 2.6174631053444903 2.46740110027234 2.3233513899937184 2.187585724490849 2.062245209411186 1.9493065395523335 1.8505508252042548 1.7675355029760222 1.7015697740901274 1.6536939574971155 1.6246630834242848 1.614934986097968 1.6246630834242846 1.6536939574971152 1.701569774090127 1.767535502976023 1.8505508252042544 1.9493065395523328 2.062245209411185 2.18758572449085 2.3233513899937197 2.4674011002723386 2.6174631053444894 2.7711708377474853
3.892014243194561 3.99076995754264 4.073785279770871 4.139751008656768 4.187626825249779 4.21665769932261 4.226385796648927 4.21665769932261 4.1876268252497795 4.139751008656767 4.073785279770872 3.99076995754264 3.892014243194561 3.7790755733357084 3.653735058256045 3.517969392753176 3.3739196824745568 3.223857677402404 3.0701499449994074 2.915220548026107 2.7615128156231092 2.611450810550959 2.4674011002723377 2.331635434769468 2.2062949196898054 2.093356249830953 1.994600535482874 1.9115852132546416 1.8456194843687466 1.7977436677757346 1.768712793702904 1.7589846963765872 1.7687127937029037 1.7977436677757344 1.8456194843687461 1.911585213254642 1.9946005354828733 2.093356249830952 2.2062949196898045 2.331635434769469 2.4674011002723386 2.611450810550958 2.7615128156231084 2.9152205480261046
4.027779908697431 4.126535623045509 4.209550945273741 4.275516674159638 4.323392490752648 4.35242336482548 4.362151462151797 4.35242336482548 4.323392490752649 4.275516674159636 4.209550945273742 4.12653562304551 4.027779908697431 3.914841238838578 3.7895007237589144 3.6537350582560455 3.5096853479774266 3.359623342905274 3.2059156105022772 3.0509862135289767 2.897278481125979 2.7472164760538287 2.603166765775207 2.4674011002723377 2.342060585192675 2.229121915333822 2.1303662009857436 2.047350878757511 1.9813851498716162 1.9335093332786042 1.9044784592057735 1.8947503618794568 1.9044784592057733 1.933509333278604 1.9813851498716157 2.047350878757512 2.130366200985743 2.2291219153338218 2.342060585192674 2.4674011002723386 2.6031667657752084 2.7472164760538273 2.897278481125978 3.050986213528974
4.153120423777093 4.251876138125173 4.334891460353404 4.4008571892393 4.448733005832311 4.477763879905142 4.487491977231459 4.477763879905142 4.448733005832312 4.4008571892393 4.334891460353404 4.251876138125173 4.153120423777094 4.04018175391824 3.9148412388385774 3.7790755733357084 3.6350258630570895 3.484963857984937 3.33125612558194 3.1763267286086396 3.022618996205642 2.8725569911334916 2.72850728085487 2.5927416153520007 2.4674011002723377 2.354462430413485 2.2557067160654065 2.172691393837174 2.106725664951279 2.058849848358267 2.0298189742854365 2.0200908769591197 2.0298189742854365 2.0588498483582667 2.106725664951279 2.172691393837175 2.255706716065406 2.3544624304134847 2.467401100272337 2.5927416153520015 2.7285072808548714 2.8725569911334903 3.022618996205641 3.176326728608637
4.266059093635947 4.364814807984027 4.4478301302122585 4.513795859098154 4.561671675691166 4.590702549763996 4.600430647090313 4.590702549763996 4.561671675691167 4.513795859098154 4.4478301302122585 4.364814807984027 4.266059093635948 4.153120423777095 4.027779908697432 3.892014243194563 3.747964532915944 3.5979025278437913 3.4441947954407945 3.289265398467494 3.1355576660644964 2.985495660992346 2.8414459507137244 2.705680285210855 2.580339770131192 2.4674011002723395 2.368645385924261 2.2856300636960283 2.2196643348101333 2.1717885182171215 2.142757644144291 2.133029546817974 2.142757644144291 2.171788518217121 2.2196643348101333 2.285630063696029 2.3686453859242604 2.467401100272339 2.580339770131191 2.705680285210856 2.8414459507137257 2.9854956609923446 3.1355576660644955 3.2892653984674913
