test/standards/AN_mag_grad_sq_Synth.asc
ncols         101
nrows         101
xllcorner     0.0
yllcorner     0.0
cellsize      1
NODATA_value  -9999.
[rows 19 to 37 of 101, columns 44 to 87 of 101]
2.4674011002723395 2.5661568146204186 2.6491721368486503 2.7151378657345466 2.7630136823275575 2.7920445564003886 2.8017726537267054 2.7920445564003886 2.7630136823275584 2.7151378657345457 2.6491721368486507 2.566156814620419 2.46740110027234 2.354462430413487 2.229121915333824 2.093356249830955 1.9493065395523357 1.799244534480183 1.6455368020771863 1.4906074051038858 1.3368996727008882 1.1868376676287378 1.0427879573501162 0.9070222918472469 0.7816817767675841 0.6687431069087315 0.5699873925606528 0.4869720703324203 0.42100634144652527 0.3731305248535134 0.34409965078068266 0.334371553454366 0.3440996507806825 0.37313052485351317 0.42100634144652493 0.4869720703324209 0.5699873925606522 0.6687431069087308 0.7816817767675832 0.9070222918472479 1.0427879573501175 1.1868376676287369 1.3368996727008873 1.4906074051038836
2.3686453859242604 2.4674011002723395 2.5504164225005708 2.6163821513864676 2.664257967979478 2.6932888420523096 2.7030169393786263 2.6932888420523096 2.664257967979479 2.6163821513864667 2.5504164225005717 2.4674011002723395 2.3686453859242604 2.255706716065408 2.1303662009857445 1.9946005354828755 1.8505508252042562 1.7004888201321036 1.5467810877291068 1.3918516907558065 1.2381439583528087 1.0880819532806583 0.9440322430020369 0.8082665774991675 0.6829260624195046 0.569987392560652 0.4712316782125734 0.3882163559843409 0.3222506270984459 0.274374810505434 0.24534393643260324 0.23561583910628658 0.24534393643260313 0.2743748105054338 0.32225062709844554 0.3882163559843415 0.47123167821257284 0.5699873925606513 0.6829260624195039 0.8082665774991685 0.944032243002038 1.0880819532806574 1.2381439583528078 1.391851690755804
2.2856300636960283 2.3843857780441073 2.467401100272339 2.5333668291582354 2.5812426457512463 2.6102735198240774 2.620001617150394 2.6102735198240774 2.581242645751247 2.5333668291582345 2.4674011002723395 2.384385778044108 2.2856300636960287 2.1726913938371757 2.0473508787575128 1.9115852132546436 1.7675355029760242 1.6174734979038716 1.463765765500875 1.3088363685275746 1.1551286361245767 1.0050666310524266 0.861016920773805 0.7252512552709356 0.5999107401912728 0.4869720703324202 0.3882163559843415 0.305201033756109 0.23923530487021402 0.19135948827720212 0.16232861420437136 0.1526005168780547 0.16232861420437125 0.1913594882772019 0.2392353048702137 0.30520103375610963 0.38821635598434096 0.4869720703324195 0.599910740191272 0.7252512552709367 0.8610169207738061 1.0050666310524254 1.1551286361245758 1.3088363685275721
2.2196643348101333 2.3184200491582123 2.401435371386444 2.4674011002723404 2.5152769168653513 2.5443077909381824 2.554035888264499 2.5443077909381824 2.515276916865352 2.4674011002723395 2.4014353713864445 2.3184200491582128 2.2196643348101337 2.1067256649512807 1.9813851498716173 1.8456194843687483 1.701569774090129 1.5515077690179764 1.3978000366149796 1.2428706396416793 1.0891629072386815 0.9391009021665312 0.7950511918879097 0.6592855263850403 0.5339450113053775 0.4210063414465249 0.3222506270984462 0.23923530487021372 0.17326957598431875 0.1253937593913068 0.09636288531847607 0.08663478799215941 0.09636288531847596 0.1253937593913066 0.1732695759843184 0.23923530487021433 0.32225062709844565 0.4210063414465242 0.5339450113053767 0.6592855263850413 0.7950511918879108 0.9391009021665302 1.0891629072386806 1.2428706396416769
2.171788518217121 2.2705442325652 2.353559554793432 2.419525283679328 2.467401100272339 2.49643197434517 2.506160071671487 2.49643197434517 2.46740110027234 2.4195252836793273 2.3535595547934323 2.2705442325652005 2.1717885182171215 2.0588498483582685 1.9335093332786053 1.7977436677757364 1.653693957497117 1.5036319524249644 1.3499242200219677 1.1949948230486673 1.0412870906456695 0.8912250855735191 0.7471753752948976 0.6114097097920282 0.4860691947123654 0.37313052485351283 0.27437481050543416 0.19135948827720164 0.12539375939130665 0.07751794279829474 0.048487068725464 0.038758971399147336 0.048487068725463885 0.07751794279829452 0.12539375939130631 0.19135948827720226 0.2743748105054336 0.37313052485351217 0.48606919471236465 0.6114097097920292 0.7471753752948987 0.8912250855735181 1.0412870906456686 1.194994823048665
2.1427576441442904 2.2415133584923694 2.324528680720601 2.3904944096064975 2.4383702261995084 2.4674011002723395 2.4771291975986562 2.4674011002723395 2.4383702261995093 2.3904944096064966 2.3245286807206016 2.24151335849237 2.142757644144291 2.029818974285438 1.9044784592057746 1.7687127937029057 1.6246630834242863 1.4746010783521337 1.320893345949137 1.1659639489758367 1.0122562165728388 0.8621942115006885 0.7181445012220671 0.5823788357191977 0.4570383206395348 0.3440996507806822 0.24534393643260358 0.16232861420437109 0.09636288531847609 0.04848706872546416 0.019456194652633426 0.009728097326316763 0.01945619465263331 0.04848706872546395 0.09636288531847576 0.1623286142043717 0.24534393643260302 0.34409965078068155 0.45703832063953403 0.5823788357191987 0.7181445012220682 0.8621942115006875 1.012256216572838 1.1659639489758342
2.1330295468179736 2.2317852611660527 2.3148005833942844 2.3807663122801808 2.4286421288731916 2.4576730029460228 2.4674011002723395 2.4576730029460228 2.4286421288731925 2.38076631228018 2.314800583394285 2.231785261166053 2.133029546817974 2.020090876959121 1.894750361879458 1.758984696376589 1.6149349860979696 1.464872981025817 1.3111652486228202 1.15623585164952 1.002528119246522 0.8524661141743718 0.7084164038957503 0.5726507383928809 0.44731022331321807 0.3343715534543655 0.2356158391062868 0.15260051687805432 0.08663478799215932 0.0387589713991474 0.009728097326316663 9.25127234471018e-32 0.009728097326316548 0.038758971399147184 0.08663478799215898 0.15260051687805493 0.23561583910628625 0.3343715534543648 0.4473102233132173 0.5726507383928819 0.7084164038957514 0.8524661141743708 1.0025281192465212 1.1562358516495175
2.1427576441442904 2.2415133584923694 2.324528680720601 2.3904944096064975 2.4383702261995084 2.4674011002723395 2.4771291975986562 2.4674011002723395 2.4383702261995093 2.3904944096064966 2.3245286807206016 2.24151335849237 2.142757644144291 2.029818974285438 1.9044784592057746 1.7687127937029057 1.6246630834242863 1.4746010783521337 1.320893345949137 1.1659639489758367 1.0122562165728388 0.8621942115006885 0.7181445012220671 0.5823788357191977 0.4570383206395348 0.3440996507806822 0.24534393643260352 0.16232861420437103 0.09636288531847605 0.04848706872546412 0.019456194652633388 0.009728097326316723 0.01945619465263327 0.048487068725463905 0.09636288531847571 0.16232861420437164 0.24534393643260297 0.34409965078068155 0.45703832063953403 0.5823788357191987 0.7181445012220682 0.8621942115006875 1.012256216572838 1.1659639489758342
2.1717885182171206 2.2705442325651997 2.3535595547934314 2.4195252836793277 2.4674011002723386 2.4964319743451697 2.5061600716714865 2.4964319743451697 2.4674011002723395 2.419525283679327 2.353559554793432 2.2705442325652 2.171788518217121 2.058849848358268 1.933509333278605 1.7977436677757361 1.6536939574971168 1.5036319524249642 1.3499242200219674 1.194994823048667 1.0412870906456693 0.8912250855735189 0.7471753752948974 0.611409709792028 0.4860691947123652 0.3731305248535126 0.27437481050543394 0.19135948827720145 0.12539375939130645 0.07751794279829452 0.048487068725463794 0.03875897139914713 0.048487068725463676 0.07751794279829431 0.12539375939130612 0.19135948827720206 0.2743748105054334 0.37313052485351195 0.4860691947123644 0.611409709792029 0.7471753752948985 0.8912250855735179 1.0412870906456684 1.1949948230486647
2.219664334810133 2.318420049158212 2.4014353713864436 2.46740110027234 2.515276916865351 2.544307790938182 2.5540358882644987 2.544307790938182 2.5152769168653517 2.467401100272339 2.401435371386444 2.3184200491582123 2.2196643348101333 2.10672566495128 1.981385149871617 1.8456194843687481 1.7015697740901288 1.5515077690179762 1.3978000366149794 1.242870639641679 1.0891629072386813 0.9391009021665311 0.7950511918879096 0.6592855263850402 0.5339450113053773 0.42100634144652477 0.3222506270984461 0.2392353048702136 0.17326957598431858 0.12539375939130668 0.09636288531847594 0.08663478799215928 0.09636288531847582 0.12539375939130645 0.17326957598431825 0.23923530487021422 0.32225062709844554 0.4210063414465241 0.5339450113053765 0.6592855263850412 0.7950511918879107 0.9391009021665301 1.0891629072386804 1.2428706396416767
2.2856300636960283 2.3843857780441073 2.467401100272339 2.5333668291582354 2.5812426457512463 2.6102735198240774 2.620001617150394 2.6102735198240774 2.581242645751247 2.5333668291582345 2.4674011002723395 2.384385778044108 2.2856300636960287 2.1726913938371757 2.0473508787575128 1.9115852132546438 1.7675355029760245 1.6174734979038718 1.4637657655008751 1.3088363685275748 1.155128636124577 1.0050666310524266 0.8610169207738052 0.7252512552709358 0.5999107401912729 0.4869720703324203 0.3882163559843417 0.3052010337561092 0.23923530487021416 0.19135948827720223 0.1623286142043715 0.15260051687805484 0.1623286142043714 0.19135948827720203 0.23923530487021383 0.30520103375610974 0.3882163559843411 0.4869720703324196 0.5999107401912721 0.7252512552709368 0.8610169207738063 1.0050666310524257 1.155128636124576 1.3088363685275723
2.3686453859242595 2.4674011002723386 2.5504164225005703 2.6163821513864667 2.6642579679794776 2.6932888420523087 2.7030169393786254 2.6932888420523087 2.6642579679794784 2.616382151386466 2.5504164225005708 2.467401100272339 2.36864538592426 2.255706716065407 2.130366200985744 1.994600535482875 1.8505508252042557 1.7004888201321031 1.5467810877291064 1.391851690755806 1.2381439583528082 1.0880819532806578 0.9440322430020365 0.8082665774991671 0.6829260624195042 0.5699873925606516 0.4712316782125729 0.3882163559843404 0.32225062709844543 0.2743748105054335 0.24534393643260274 0.23561583910628608 0.24534393643260263 0.2743748105054333 0.3222506270984451 0.388216355984341 0.47123167821257234 0.5699873925606509 0.6829260624195034 0.808266577499168 0.9440322430020376 1.088081953280657 1.2381439583528073 1.3918516907558036
2.467401100272339 2.566156814620418 2.64917213684865 2.715137865734546 2.763013682327557 2.792044556400388 2.801772653726705 2.792044556400388 2.763013682327558 2.7151378657345453 2.6491721368486503 2.5661568146204186 2.4674011002723395 2.3544624304134865 2.2291219153338235 2.0933562498309546 1.949306539552335 1.7992445344801824 1.6455368020771857 1.4906074051038853 1.3368996727008875 1.1868376676287373 1.0427879573501158 0.9070222918472464 0.7816817767675835 0.668743106908731 0.5699873925606522 0.4869720703324198 0.4210063414465248 0.3731305248535129 0.34409965078068216 0.3343715534543655 0.34409965078068205 0.37313052485351267 0.4210063414465245 0.4869720703324204 0.5699873925606518 0.6687431069087303 0.7816817767675828 0.9070222918472475 1.0427879573501169 1.1868376676287362 1.3368996727008866 1.490607405103883
2.5803397701311925 2.6790954844792716 2.7621108067075033 2.8280765355933997 2.8759523521864105 2.9049832262592417 2.9147113235855584 2.9049832262592417 2.8759523521864114 2.8280765355933988 2.7621108067075038 2.679095484479272 2.580339770131193 2.46740110027234 2.342060585192677 2.206294919689808 2.0622452094111887 1.912183204339036 1.7584754719360394 1.603546074962739 1.4498383425597412 1.2997763374875908 1.1557266272089695 1.0199609617061 0.8946204466264371 0.7816817767675845 0.6829260624195059 0.5999107401912733 0.5339450113053784 0.4860691947123665 0.45703832063953576 0.44731022331321907 0.45703832063953564 0.48606919471236626 0.5339450113053781 0.599910740191274 0.6829260624195053 0.7816817767675839 0.8946204466264364 1.019960961706101 1.1557266272089706 1.29977633748759 1.4498383425597403 1.6035460749627366
2.705680285210855 2.804435999558934 2.887451321787166 2.953417050673062 3.001292867266073 3.030323741338904 3.040051838665221 3.030323741338904 3.001292867266074 2.9534170506730613 2.8874513217871662 2.8044359995589345 2.7056802852108555 2.5927416153520024 2.467401100272339 2.33163543476947 2.1875857244908508 2.037523719418698 1.8838159870157014 1.7288865900424013 1.5751788576394032 1.425116852567253 1.2810671422886317 1.1453014767857623 1.0199609617060994 0.9070222918472468 0.8082665774991681 0.7252512552709356 0.6592855263850406 0.6114097097920287 0.5823788357191979 0.5726507383928813 0.5823788357191978 0.6114097097920285 0.6592855263850402 0.7252512552709363 0.8082665774991675 0.9070222918472461 1.0199609617060985 1.1453014767857632 1.2810671422886326 1.425116852567252 1.5751788576394024 1.7288865900423986
2.8414459507137253 2.9402016650618044 3.023216987290036 3.0891827161759324 3.1370585327689433 3.1660894068417744 3.175817504168091 3.1660894068417744 3.137058532768944 3.0891827161759315 3.0232169872900365 2.940201665061805 2.8414459507137257 2.7285072808548727 2.6031667657752093 2.4674011002723404 2.3233513899937215 2.173289384921569 2.019581652518572 1.8646522555452716 1.7109445231422737 1.5608825180701236 1.416832807791502 1.2810671422886326 1.1557266272089697 1.042787957350117 0.9440322430020385 0.861016920773806 0.795051191887911 0.7471753752948991 0.7181445012220683 0.7084164038957517 0.7181445012220682 0.7471753752948989 0.7950511918879106 0.8610169207738065 0.9440322430020379 1.0427879573501164 1.155726627208969 1.2810671422886335 1.4168328077915031 1.5608825180701225 1.7109445231422729 1.8646522555452691
2.9854956609923446 3.0842513753404237 3.167266697568656 3.2332324264545518 3.281108243047563 3.3101391171203938 3.3198672144467105 3.3101391171203938 3.281108243047564 3.233232426454551 3.167266697568656 3.0842513753404246 2.9854956609923455 2.872556991133492 2.747216476053829 2.61145081055096 2.467401100272341 2.317339095200188 2.1636313627971915 2.0087019658238914 1.8549942334208933 1.704932228348743 1.5608825180701216 1.4251168525672522 1.2997763374875893 1.1868376676287367 1.088081953280658 1.0050666310524257 0.9391009021665305 0.8912250855735186 0.8621942115006879 0.8524661141743712 0.8621942115006878 0.8912250855735184 0.9391009021665302 1.005066631052426 1.0880819532806574 1.186837667628736 1.2997763374875886 1.4251168525672533 1.5608825180701227 1.704932228348742 1.8549942334208924 2.0087019658238887
3.1355576660644964 3.2343133804125754 3.3173287026408067 3.3832944315267035 3.431170248119714 3.4602011221925455 3.4699292195188622 3.4602011221925455 3.431170248119715 3.3832944315267026 3.3173287026408076 3.2343133804125754 3.1355576660644964 3.022618996205644 2.8972784811259804 2.7615128156231115 2.617463105344492 2.4674011002723395 2.3136933678693428 2.158763970896042 2.0050562384930446 1.8549942334208942 1.7109445231422729 1.5751788576394035 1.4498383425597405 1.336899672700888 1.2381439583528093 1.155128636124577 1.089162907238682 1.04128709064567 1.0122562165728393 1.0025281192465225 1.012256216572839 1.0412870906456697 1.0891629072386815 1.1551286361245774 1.2381439583528087 1.3368996727008873 1.4498383425597399 1.5751788576394046 1.710944523142274 1.8549942334208933 2.0050562384930437 2.15876397089604
3.2892653984674936 3.3880211128155726 3.4710364350438043 3.5370021639297007 3.5848779805227116 3.6139088545955427 3.6236369519218594 3.6139088545955427 3.5848779805227124 3.5370021639297 3.4710364350438048 3.388021112815573 3.289265398467494 3.176326728608641 3.0509862135289776 2.9152205480261086 2.7711708377474897 2.621108832675337 2.4674011002723404 2.31247170329904 2.158763970896042 2.008701965823892 1.8646522555452703 1.7288865900424009 1.603546074962738 1.4906074051038853 1.3918516907558067 1.3088363685275741 1.2428706396416793 1.1949948230486673 1.1659639489758367 1.15623585164952 1.1659639489758364 1.194994823048667 1.2428706396416789 1.3088363685275748 1.3918516907558063 1.4906074051038847 1.6035460749627373 1.7288865900424017 1.8646522555452714 2.0087019658238905 2.1587639708960413 2.312471703299037
