test/standards/AN_mag_grad_sq_Synth.asc
ncols         101
nrows         101
xllcorner     0.0
yllcorner     0.0
cellsize      1
NODATA_value  -9999.
[rows 57 to 75 of 101, columns 44 to 87 of 101]
4.153120423777095 4.251876138125174 4.334891460353406 4.400857189239302 4.448733005832313 4.477763879905144 4.4874919772314605 4.477763879905144 4.448733005832313 4.400857189239301 4.334891460353406 4.251876138125175 4.153120423777095 4.040181753918242 3.914841238838579 3.77907557333571 3.6350258630570904 3.484963857984938 3.331256125581941 3.176326728608641 3.022618996205643 2.872556991133493 2.7285072808548714 2.592741615352002 2.467401100272339 2.3544624304134865 2.255706716065408 2.1726913938371752 2.10672566495128 2.0588498483582685 2.029818974285438 2.020090876959121 2.029818974285438 2.058849848358268 2.10672566495128 2.172691393837176 2.2557067160654074 2.354462430413486 2.467401100272338 2.592741615352003 2.7285072808548723 2.872556991133492 3.022618996205642 3.1763267286086387
4.027779908697432 4.126535623045511 4.209550945273742 4.275516674159639 4.323392490752649 4.352423364825481 4.362151462151798 4.352423364825481 4.32339249075265 4.275516674159638 4.209550945273743 4.126535623045511 4.027779908697432 3.914841238838579 3.789500723758916 3.653735058256047 3.5096853479774275 3.359623342905275 3.205915610502278 3.0509862135289776 2.89727848112598 2.7472164760538296 2.6031667657752084 2.4674011002723386 2.342060585192676 2.2291219153338235 2.130366200985745 2.0473508787575123 1.9813851498716173 1.9335093332786053 1.9044784592057746 1.894750361879458 1.9044784592057744 1.933509333278605 1.9813851498716168 2.0473508787575128 2.130366200985744 2.2291219153338226 2.3420605851926752 2.46740110027234 2.6031667657752093 2.7472164760538287 2.897278481125979 3.0509862135289754
3.892014243194563 3.990769957542642 4.073785279770873 4.13975100865677 4.18762682524978 4.216657699322612 4.226385796648929 4.216657699322612 4.187626825249781 4.139751008656769 4.073785279770874 3.990769957542642 3.892014243194563 3.77907557333571 3.653735058256047 3.517969392753178 3.3739196824745585 3.223857677402406 3.070149944999409 2.9152205480261086 2.761512815623111 2.6114508105509606 2.4674011002723395 2.3316354347694697 2.206294919689807 2.0933562498309546 1.9946005354828757 1.9115852132546434 1.8456194843687483 1.7977436677757364 1.7687127937029057 1.758984696376589 1.7687127937029055 1.7977436677757361 1.845619484368748 1.9115852132546438 1.994600535482875 2.0933562498309537 2.2062949196898063 2.331635434769471 2.4674011002723404 2.6114508105509597 2.76151281562311 2.9152205480261064
3.747964532915943 3.846720247264022 3.929735569492254 3.99570129837815 4.0435771149711615 4.072607989043992 4.082336086370309 4.072607989043992 4.043577114971162 3.9957012983781492 3.929735569492254 3.846720247264023 3.747964532915944 3.6350258630570904 3.5096853479774275 3.3739196824745585 3.229869972195939 3.0798079671237866 2.92610023472079 2.7711708377474897 2.6174631053444917 2.4674011002723413 2.3233513899937197 2.1875857244908508 2.062245209411188 1.949306539552335 1.8505508252042564 1.767535502976024 1.701569774090129 1.653693957497117 1.6246630834242863 1.6149349860979696 1.6246630834242861 1.6536939574971168 1.7015697740901286 1.7675355029760245 1.8505508252042557 1.9493065395523343 2.062245209411187 2.1875857244908516 2.323351389993721 2.4674011002723404 2.617463105344491 2.771170837747487
3.5979025278437904 3.6966582421918694 3.7796735644201016 3.8456392933059975 3.893515109899009 3.9225459839718395 3.9322740812981563 3.9225459839718395 3.8935151098990097 3.8456392933059966 3.7796735644201016 3.6966582421918703 3.5979025278437913 3.484963857984938 3.359623342905275 3.223857677402406 3.0798079671237866 2.929745962051634 2.7760382296486372 2.621108832675337 2.467401100272339 2.3173390952001887 2.173289384921567 2.037523719418698 1.912183204339035 1.7992445344801824 1.7004888201321038 1.6174734979038714 1.5515077690179764 1.5036319524249644 1.4746010783521337 1.464872981025817 1.4746010783521335 1.5036319524249642 1.551507769017976 1.6174734979038718 1.7004888201321031 1.7992445344801817 1.9121832043390343 2.037523719418699 2.1732893849215684 2.3173390952001878 2.467401100272338 2.6211088326753345
3.4441947954407937 3.5429505097888727 3.625965832017105 3.691931560903001 3.739807377496012 3.768838251568843 3.7785663488951595 3.768838251568843 3.739807377496013 3.691931560903 3.625965832017105 3.5429505097888736 3.4441947954407945 3.331256125581941 3.205915610502278 3.070149944999409 2.92610023472079 2.7760382296486372 2.6223304972456405 2.4674011002723404 2.3136933678693423 2.163631362797192 2.0195816525185704 1.8838159870157012 1.7584754719360383 1.6455368020771857 1.546781087729107 1.4637657655008747 1.3978000366149796 1.3499242200219677 1.320893345949137 1.3111652486228202 1.3208933459491368 1.3499242200219674 1.3978000366149792 1.4637657655008751 1.5467810877291064 1.645536802077185 1.7584754719360376 1.8838159870157023 2.0195816525185717 2.163631362797191 2.3136933678693414 2.4674011002723377
3.2892653984674936 3.3880211128155726 3.4710364350438043 3.5370021639297007 3.5848779805227116 3.6139088545955427 3.6236369519218594 3.6139088545955427 3.5848779805227124 3.5370021639297 3.4710364350438048 3.388021112815573 3.289265398467494 3.176326728608641 3.0509862135289776 2.9152205480261086 2.7711708377474897 2.621108832675337 2.4674011002723404 2.31247170329904 2.158763970896042 2.008701965823892 1.8646522555452703 1.7288865900424009 1.603546074962738 1.4906074051038853 1.3918516907558067 1.3088363685275741 1.2428706396416793 1.1949948230486673 1.1659639489758367 1.15623585164952 1.1659639489758364 1.194994823048667 1.2428706396416789 1.3088363685275748 1.3918516907558063 1.4906074051038847 1.6035460749627373 1.7288865900424017 1.8646522555452714 2.0087019658238905 2.1587639708960413 2.312471703299037
3.1355576660644955 3.2343133804125745 3.3173287026408067 3.3832944315267026 3.431170248119714 3.4602011221925446 3.4699292195188614 3.4602011221925446 3.431170248119715 3.3832944315267017 3.3173287026408067 3.2343133804125754 3.1355576660644964 3.022618996205643 2.89727848112598 2.761512815623111 2.6174631053444917 2.467401100272339 2.3136933678693423 2.158763970896042 2.005056238493044 1.8549942334208938 1.7109445231422724 1.575178857639403 1.44983834255974 1.3368996727008875 1.2381439583528089 1.1551286361245765 1.0891629072386815 1.0412870906456695 1.0122562165728388 1.002528119246522 1.0122562165728386 1.0412870906456693 1.089162907238681 1.155128636124577 1.2381439583528082 1.3368996727008868 1.4498383425597394 1.5751788576394041 1.7109445231422735 1.8549942334208929 2.0050562384930433 2.1587639708960396
2.9854956609923455 3.0842513753404246 3.1672666975686563 3.2332324264545527 3.2811082430475635 3.3101391171203947 3.3198672144467114 3.3101391171203947 3.2811082430475644 3.2332324264545518 3.1672666975686568 3.084251375340425 2.985495660992346 2.872556991133493 2.7472164760538296 2.6114508105509606 2.4674011002723413 2.3173390952001887 2.163631362797192 2.008701965823892 1.8549942334208938 1.7049322283487436 1.5608825180701222 1.4251168525672528 1.29977633748759 1.1868376676287373 1.0880819532806587 1.005066631052426 0.9391009021665311 0.8912250855735192 0.8621942115006884 0.8524661141743718 0.8621942115006883 0.891225085573519 0.9391009021665307 1.0050666310524268 1.088081953280658 1.1868376676287367 1.299776337487589 1.4251168525672537 1.5608825180701231 1.7049322283487425 1.8549942334208929 2.008701965823889
2.841445950713724 2.940201665061803 3.0232169872900347 3.089182716175931 3.137058532768942 3.166089406841773 3.17581750416809 3.166089406841773 3.137058532768943 3.08918271617593 3.023216987290035 2.9402016650618035 2.8414459507137244 2.7285072808548714 2.6031667657752084 2.4674011002723395 2.3233513899937197 2.173289384921567 2.0195816525185704 1.8646522555452703 1.7109445231422724 1.5608825180701222 1.4168328077915007 1.2810671422886313 1.1557266272089683 1.0427879573501158 0.9440322430020371 0.8610169207738047 0.7950511918879096 0.7471753752948977 0.718144501222067 0.7084164038957503 0.7181445012220669 0.7471753752948975 0.7950511918879093 0.8610169207738052 0.9440322430020366 1.042787957350115 1.1557266272089677 1.2810671422886322 1.4168328077915018 1.5608825180701211 1.7109445231422715 1.8646522555452678
2.7056802852108546 2.8044359995589336 2.8874513217871653 2.9534170506730617 3.0012928672660726 3.0303237413389037 3.0400518386652204 3.0303237413389037 3.0012928672660735 2.953417050673061 2.887451321787166 2.804435999558934 2.705680285210855 2.592741615352002 2.4674011002723386 2.3316354347694697 2.1875857244908508 2.037523719418698 1.8838159870157012 1.7288865900424009 1.575178857639403 1.4251168525672528 1.2810671422886313 1.1453014767857619 1.019960961706099 0.9070222918472464 0.8082665774991677 0.7252512552709353 0.6592855263850402 0.6114097097920284 0.5823788357191976 0.5726507383928809 0.5823788357191975 0.6114097097920281 0.6592855263850399 0.7252512552709358 0.8082665774991672 0.9070222918472457 1.0199609617060983 1.1453014767857628 1.2810671422886324 1.4251168525672517 1.5751788576394021 1.7288865900423984
2.5803397701311916 2.6790954844792707 2.7621108067075024 2.8280765355933988 2.8759523521864097 2.9049832262592408 2.9147113235855575 2.9049832262592408 2.8759523521864105 2.828076535593398 2.762110806707503 2.679095484479271 2.580339770131192 2.467401100272339 2.342060585192676 2.206294919689807 2.062245209411188 1.912183204339035 1.7584754719360383 1.603546074962738 1.44983834255974 1.29977633748759 1.1557266272089683 1.019960961706099 0.8946204466264361 0.7816817767675835 0.6829260624195048 0.5999107401912724 0.5339450113053774 0.4860691947123655 0.45703832063953476 0.44731022331321807 0.45703832063953465 0.48606919471236526 0.5339450113053771 0.599910740191273 0.6829260624195044 0.7816817767675829 0.8946204466264354 1.0199609617061 1.1557266272089695 1.2997763374875888 1.4498383425597392 1.6035460749627355
2.467401100272339 2.566156814620418 2.64917213684865 2.715137865734546 2.763013682327557 2.792044556400388 2.801772653726705 2.792044556400388 2.763013682327558 2.7151378657345453 2.6491721368486503 2.5661568146204186 2.4674011002723395 2.3544624304134865 2.2291219153338235 2.0933562498309546 1.949306539552335 1.7992445344801824 1.6455368020771857 1.4906074051038853 1.3368996727008875 1.1868376676287373 1.0427879573501158 0.9070222918472464 0.7816817767675835 0.668743106908731 0.5699873925606522 0.4869720703324198 0.4210063414465248 0.3731305248535129 0.34409965078068216 0.3343715534543655 0.34409965078068205 0.37313052485351267 0.4210063414465245 0.4869720703324204 0.5699873925606518 0.6687431069087303 0.7816817767675828 0.9070222918472475 1.0427879573501169 1.1868376676287362 1.3368996727008866 1.490607405103883
2.3686453859242604 2.4674011002723395 2.550416422500571 2.6163821513864676 2.6642579679794784 2.6932888420523096 2.7030169393786263 2.6932888420523096 2.6642579679794793 2.6163821513864667 2.5504164225005717 2.46740110027234 2.368645385924261 2.255706716065408 2.130366200985745 1.9946005354828757 1.8505508252042564 1.7004888201321038 1.546781087729107 1.3918516907558067 1.2381439583528089 1.0880819532806587 0.9440322430020371 0.8082665774991677 0.6829260624195048 0.5699873925606522 0.4712316782125736 0.3882163559843411 0.3222506270984461 0.2743748105054342 0.24534393643260347 0.2356158391062868 0.24534393643260335 0.274374810505434 0.32225062709844576 0.38821635598434173 0.47123167821257306 0.5699873925606516 0.6829260624195042 0.8082665774991687 0.9440322430020383 1.0880819532806576 1.238143958352808 1.3918516907558043
2.285630063696028 2.384385778044107 2.4674011002723386 2.533366829158235 2.581242645751246 2.610273519824077 2.6200016171503937 2.610273519824077 2.5812426457512467 2.533366829158234 2.467401100272339 2.3843857780441073 2.2856300636960283 2.1726913938371752 2.0473508787575123 1.9115852132546434 1.767535502976024 1.6174734979038714 1.4637657655008747 1.3088363685275741 1.1551286361245765 1.005066631052426 0.8610169207738047 0.7252512552709353 0.5999107401912724 0.4869720703324198 0.3882163559843411 0.30520103375610863 0.23923530487021363 0.19135948827720173 0.16232861420437097 0.15260051687805432 0.16232861420437086 0.1913594882772015 0.2392353048702133 0.30520103375610924 0.38821635598434057 0.4869720703324191 0.5999107401912716 0.7252512552709363 0.8610169207738058 1.0050666310524252 1.1551286361245756 1.308836368527572
2.219664334810133 2.318420049158212 2.4014353713864436 2.46740110027234 2.515276916865351 2.544307790938182 2.5540358882644987 2.544307790938182 2.5152769168653517 2.467401100272339 2.401435371386444 2.3184200491582123 2.2196643348101333 2.10672566495128 1.9813851498716173 1.8456194843687483 1.701569774090129 1.5515077690179764 1.3978000366149796 1.2428706396416793 1.0891629072386815 0.9391009021665311 0.7950511918879096 0.6592855263850402 0.5339450113053774 0.4210063414465248 0.3222506270984461 0.23923530487021363 0.17326957598431864 0.1253937593913067 0.09636288531847598 0.08663478799215932 0.09636288531847587 0.1253937593913065 0.1732695759843183 0.23923530487021424 0.32225062709844554 0.42100634144652416 0.5339450113053766 0.6592855263850412 0.7950511918879107 0.9391009021665301 1.0891629072386806 1.2428706396416769
2.171788518217121 2.2705442325652 2.353559554793432 2.419525283679328 2.467401100272339 2.49643197434517 2.506160071671487 2.49643197434517 2.46740110027234 2.4195252836793273 2.3535595547934323 2.2705442325652005 2.1717885182171215 2.0588498483582685 1.9335093332786053 1.7977436677757364 1.653693957497117 1.5036319524249644 1.3499242200219677 1.1949948230486673 1.0412870906456695 0.8912250855735192 0.7471753752948977 0.6114097097920284 0.4860691947123655 0.3731305248535129 0.2743748105054342 0.19135948827720173 0.1253937593913067 0.0775179427982948 0.04848706872546406 0.0387589713991474 0.04848706872546395 0.07751794279829458 0.12539375939130637 0.19135948827720234 0.27437481050543366 0.3731305248535122 0.4860691947123647 0.6114097097920294 0.7471753752948989 0.8912250855735182 1.0412870906456686 1.194994823048665
2.1427576441442904 2.2415133584923694 2.324528680720601 2.3904944096064975 2.4383702261995084 2.4674011002723395 2.4771291975986562 2.4674011002723395 2.4383702261995093 2.3904944096064966 2.3245286807206016 2.24151335849237 2.142757644144291 2.029818974285438 1.9044784592057746 1.7687127937029057 1.6246630834242863 1.4746010783521337 1.320893345949137 1.1659639489758367 1.0122562165728388 0.8621942115006884 0.718144501222067 0.5823788357191976 0.45703832063953476 0.34409965078068216 0.24534393643260347 0.16232861420437097 0.09636288531847598 0.04848706872546406 0.019456194652633325 0.009728097326316663 0.01945619465263321 0.04848706872546385 0.09636288531847564 0.16232861420437159 0.2453439364326029 0.3440996507806815 0.457038320639534 0.5823788357191986 0.7181445012220681 0.8621942115006874 1.012256216572838 1.1659639489758342
2.1330295468179736 2.2317852611660527 2.3148005833942844 2.3807663122801808 2.4286421288731916 2.4576730029460228 2.4674011002723395 2.4576730029460228 2.4286421288731925 2.38076631228018 2.314800583394285 2.231785261166053 2.133029546817974 2.020090876959121 1.894750361879458 1.758984696376589 1.6149349860979696 1.464872981025817 1.3111652486228202 1.15623585164952 1.002528119246522 0.8524661141743718 0.7084164038957503 0.5726507383928809 0.44731022331321807 0.3343715534543655 0.2356158391062868 0.15260051687805432 0.08663478799215932 0.0387589713991474 0.009728097326316663 1.6652290220478323e-31 0.009728097326316548 0.038758971399147184 0.08663478799215898 0.15260051687805493 0.23561583910628625 0.3343715534543648 0.4473102233132173 0.5726507383928819 0.7084164038957514 0.8524661141743708 1.0025281192465212 1.1562358516495175
