test/standards/AN_nsd_trans_Synth.asc
ncols         101
nrows         101
xllcorner     0.0
yllcorner     0.0
cellsize      1
NODATA_value  -9999.
[rows 36 to 53 of 101, columns 41 to 81 of 101]
0.02697828881035501 0.036351376870094765 0.047490756792620534 0.0604210756903048 0.07507624583601688 0.09128451428976589 0.10876199636100514 0.1271178181104776 0.14587252651102556 0.1644891458879769 0.18241367357050475 0.19911962773981284 0.2141501743140346 0.22715174934369742 0.2378948614265175 0.2462803627625076 0.25233215638258943 0.256179377152063 0.2580321605798842 0.258155172370846 0.25684236465744154 0.25439532256139796 0.25110641234389575 0.24724697551762193 0.24306013947202956 0.23875743950961187 0.23451831445927274 0.23049157113223426 0.2267980387225297 0.22353379629442943 0.2207735175957621 0.21857361724962043 0.2169749928035443 0.21600523777031744 0.21568025546938957 0.21600523777031744 0.2169749928035443 0.21857361724962043 0.22077351759576214 0.22353379629442938 0.22679803872252968
0.025653436718396386 0.035335177468395415 0.046870706117965524 0.06028916411410748 0.07552328592359497 0.09239302159342089 0.11059825120572318 0.1297240840166558 0.14926061475139332 0.16863649216539367 0.18726278388224843 0.2045811985423267 0.22010952967166975 0.23347764496703166 0.24444934223962794 0.252928306745162 0.2589493703234185 0.2626585265285833 0.26428628198346393 0.2641189175846605 0.26247139412784326 0.2596643886297535 0.2560066736105483 0.25178300524464886 0.24724697551762193 0.24261790372219613 0.23808072573885164 0.2337878971669775 0.22986247750751898 0.22640174632048482 0.2234808797483006 0.22115636666116809 0.21946896066730465 0.21844604804347262 0.21810336710102718 0.21844604804347262 0.21946896066730462 0.22115636666116809 0.22348087974830066 0.2264017463204848 0.22986247750751893
0.023413584560758094 0.033401397423871784 0.045340653568878675 0.05926657096863107 0.07511167321892845 0.0926876909404874 0.11167725189158109 0.13163926603018503 0.15203014093130263 0.17224016979986892 0.19164122673945685 0.20963919162404485 0.2257231968621441 0.23950432801942795 0.25073867797062105 0.25933293151967446 0.2653339579414496 0.26890635342490615 0.27030305336525023 0.2698340457017742 0.2678372202676689 0.26465397085185366 0.2606107539477569 0.2560066736105483 0.25110641234389575 0.24613744656680203 0.24129038865087665 0.23672138429793543 0.23255567431579907 0.22889163801124968 0.22580483097283716 0.223351692827833 0.2215727244309721 0.22049502088698122 0.22013410283352736 0.22049502088698114 0.2215727244309721 0.223351692827833 0.2258048309728372 0.22889163801124965 0.23255567431579902
0.020006294183932988 0.030282404734048335 0.04261756137240895 0.05705506815063195 0.07352868263085892 0.09184248468527156 0.11166129185783967 0.13251601535161278 0.1538264137872387 0.17494059226871148 0.1951869938721615 0.21393157638994134 0.23063137619955854 0.24487629123578072 0.256413496636518 0.2651526069878958 0.271153386597384 0.2746005133257898 0.2757711329295124 0.2750007512003205 0.27265183051233177 0.26908784387900964 0.26465397085185366 0.2596643886297535 0.25439532256139796 0.2490826406357286 0.24392270532077712 0.2390753169204306 0.2346677959253265 0.23079948706833397 0.22754618297486642 0.22496414077748045 0.22309349600793932 0.22196096802869464 0.2215818075728165 0.22196096802869458 0.22309349600793926 0.22496414077748045 0.2275461829748665 0.23079948706833397 0.23466779592532644
0.015157016860682826 0.025684897622437697 0.038388729493686186 0.05332239503138923 0.07042290736031573 0.08948789912545783 0.11016446276134323 0.13195430610670547 0.15423807160409908 0.176318200064085 0.19747566622310542 0.21703245838663487 0.23440998990470685 0.24917435869548732 0.2610623116008197 0.26998595640205775 0.27601839400895606 0.2793654171037385 0.28032970742589464 0.279273653175257 0.2765855144762462 0.2726518305123318 0.2678372202676689 0.26247139412784326 0.2568423646574416 0.25119447103738246 0.24572979100010617 0.2406116737789053 0.23596937756340092 0.23190305960734114 0.2284886032006256 0.22578195435701398 0.22382277910523724 0.22263734499942295 0.22224058672678965 0.2226373449994229 0.22382277910523724 0.22578195435701393 0.22848860320062564 0.2319030596073411 0.23596937756340092
0.008580753997150747 0.01930172947117688 0.032323649482542544 0.047713981748519006 0.06541567851303623 0.08522190895030507 0.10676297244227752 0.129511014572883 0.15280586506688057 0.17590145279724825 0.19802768356198436 0.21845874714291613 0.2365769036655025 0.2519216299258704 0.2642173494826193 0.2733777051260723 0.2794889604395071 0.28277839128857574 0.28357486954273226 0.2822683894930675 0.279273653175257 0.2750007512003205 0.2698340457017742 0.2641189175846605 0.258155172370846 0.25219553513878323 0.24644766013417996 0.2410782836085984 0.23621843822970529 0.23196894334274534 0.22840564318197998 0.22558406714641432 0.22354333123662606 0.22230919495165707 0.22189624381823336 0.22230919495165707 0.223543331236626 0.22558406714641432 0.22840564318198003 0.23196894334274532 0.23621843822970523
-1.249000902703301e-16 0.010830563666246754 0.02409324565738709 0.03987260803244802 0.05812093752030141 0.07862982824079907 0.10101476853760409 0.12471910129350289 0.14904123696841934 0.17318470410220405 0.19632547644559362 0.21768656630865885 0.23660768119940592 0.25259867081435294 0.26536927503359864 0.2748330263875205 0.2810883412147294 0.2843834384787312 0.28507312431806026 0.28357486954273226 0.2803297074258947 0.2757711329295124 0.27030305336525023 0.26428628198346393 0.2580321605798842 0.2518015475645805 0.24580744318780035 0.24021977344872805 0.23517118609639204 0.2307630405109168 0.22707105319264714 0.22415027588225855 0.22203923495850447 0.22076315808246078 0.22033626922225863 0.22076315808246078 0.22203923495850444 0.22415027588225855 0.2270710531926472 0.23076304051091678 0.235171186096392
-0.010830563666246823 5.551115123125783e-17 0.013397345474449818 0.029467064174746524 0.048174871015893 0.06931464930335716 0.09249027654500161 0.11711843362547716 0.1424569312667605 0.16765833952281914 0.19184293104160235 0.21417990418844843 0.2339633346350893 0.2506703209694734 0.2639930406140244 0.2738424325528112 0.2803270047361149 0.28371422787607753 0.2843834384787312 0.28277839128857574 0.2793654171037385 0.2746005133257897 0.2689063534249062 0.2626585265285833 0.256179377152063 0.24973748286473665 0.24355088618551268 0.23779249579141915 0.2325964471566566 0.2280645738096202 0.22427244222939108 0.22127463155711882 0.21910909712628593 0.21780055590162703 0.21736288612779192 0.217800555901627 0.2191090971262859 0.22127463155711882 0.2242724422293912 0.22806457380962017 0.23259644715665656
-0.024093245657387338 -0.013397345474449956 -1.5265566588595902e-16 0.016229609569324024 0.03527531072944741 0.05693809431747597 0.08081473311375988 0.10629897292652946 0.1326105789095799 0.15885231026003332 0.18408845282856368 0.20743284211952917 0.22813141500884787 0.24562540774345837 0.2595860446083035 0.2699182513536007 0.27673734567081765 0.2803270047361149 0.2810883412147294 0.2794889604395071 0.27601839400895606 0.2711533865973841 0.2653339579414496 0.2589493703234185 0.25233215638258943 0.2457580489201596 0.23944977706028037 0.2335830409773108 0.22829339504070736 0.22368316214047368 0.21982782480461427 0.21678157899464043 0.21458189997590205 0.2132530702042542 0.21280867230864736 0.2132530702042542 0.21458189997590205 0.2167815789946404 0.2198278248046143 0.22368316214047368 0.22829339504070728
-0.03987260803244817 -0.029467064174746538 -0.016229609569324233 -4.163336342344337e-17 0.01922875109068102 0.04127035972678193 0.06572026117117928 0.09195466708069601 0.11915980604546257 0.14639180545477926 0.17266054336306527 0.19702440724721615 0.21867957521349468 0.23702853791048623 0.25171776682593605 0.26264182026821803 0.2699182513536007 0.2738424325528112 0.2748330263875205 0.27337770512607235 0.26998595640205775 0.2651526069878958 0.2593329315196744 0.25292830674516203 0.24628036276250756 0.23967128782308314 0.23332810827954217 0.22742915973815064 0.22211142329172318 0.21747782338194138 0.21360392614248108 0.21054372844612226 0.20833439651375774 0.2069999147475214 0.20655365756786015 0.2069999147475214 0.20833439651375765 0.21054372844612226 0.2136039261424811 0.21747782338194138 0.22211142329172312
-0.05812093752030157 -0.04817487101589306 -0.035275310729447645 -0.01922875109068116 -7.632783294297951e-17 0.02224348372070515 0.04710260239401748 0.07394301790427746 0.10192394850524605 0.13006030727603013 0.1573113236465303 0.1826816846357187 0.20531744047094355 0.2245799924857121 0.2400870837214869 0.25171776682593605 0.2595860446083035 0.2639930406140244 0.2653692750335987 0.2642173494826193 0.2610623116008198 0.256413496636518 0.25073867797062105 0.24444934223962797 0.23789486142651747 0.23136305385214473 0.22508482807082197 0.2192410394916414 0.2139701830393988 0.20937599423501824 0.20553439060273423 0.20249944651136012 0.2003082677680589 0.1989847352917079 0.19854213854324637 0.1989847352917079 0.2003082677680589 0.20249944651136012 0.20553439060273423 0.20937599423501815 0.21397018303939877
-0.07862982824079942 -0.0693146493033574 -0.056938094317476394 -0.0412703597267822 -0.02224348372070547 -2.498001805406602e-16 0.025073876547625003 0.052341512285105724 0.08094350115924567 0.10986121534657808 0.13800935595976033 0.16434279666250612 0.18795872171948352 0.20817603958036193 0.22457999248571212 0.2370285379104862 0.2456254077434583 0.2506703209694734 0.25259867081435294 0.25192162992587036 0.2491743586954873 0.24487629123578072 0.23950432801942798 0.2334776449670316 0.22715174934369742 0.22081913978549378 0.21471415813718456 0.20902008970192124 0.20387709109182167 0.19938999570326885 0.1956354207361955 0.1926678692274991 0.19052469784310275 0.18922992548601109 0.18879690881399983 0.18922992548601106 0.19052469784310266 0.1926678692274991 0.19563542073619558 0.19938999570326882 0.2038770910918216
-0.10101476853760408 -0.09249027654500147 -0.08081473311375992 -0.06572026117117924 -0.047102602394017444 -0.02507387654762517 6.938893903907228e-17 0.02748907855389915 0.05652516453997323 0.08606579229512598 0.1149895964306884 0.14220784237021272 0.1667720825931016 0.18795872171948352 0.20531744047094358 0.21867957521349468 0.22813141500884787 0.2339633346350893 0.23660768119940595 0.2365769036655025 0.23440998990470685 0.23063137619955854 0.2257231968621441 0.22010952967166975 0.2141501743140346 0.20814122540357688 0.20231994832120714 0.196871957189212 0.19193923751550593 0.18762804288142246 0.18401607988922244 0.18115867182003056 0.17909377230200904 0.17784580613317713 0.17742836574342638 0.17784580613317708 0.17909377230200899 0.18115867182003054 0.18401607988922247 0.18762804288142243 0.1919392375155059
-0.12471910129350305 -0.11711843362547726 -0.10629897292652972 -0.09195466708069616 -0.07394301790427761 -0.0523415122851061 -0.027489078553899194 -1.1796119636642288e-16 0.02925938029138369 0.05923400572476942 0.08877698252463649 0.11676447611683996 0.14220784237021272 0.16434279666250612 0.1826816846357187 0.19702440724721615 0.20743284211952917 0.2141799041884484 0.21768656630865885 0.21845874714291613 0.21703245838663487 0.21393157638994134 0.20963919162404485 0.20458119854232668 0.19911962773981284 0.19355293226125084 0.18812068846867283 0.18301067210915392 0.17836682408255564 0.17429711656202151 0.17088072199913143 0.16817416860280773 0.16621634979306824 0.16503236279602113 0.16463620390245204 0.16503236279602113 0.16621634979306818 0.16817416860280773 0.17088072199913149 0.17429711656202143 0.17836682408255555
-0.14904123696841948 -0.14245693126676057 -0.1326105789095801 -0.11915980604546275 -0.10192394850524618 -0.08094350115924603 -0.05652516453997328 -0.029259380291383922 -1.1449174941446927e-16 0.030197412197314748 0.06017253228127568 0.08877698252463649 0.11498959643068841 0.13800935595976033 0.1573113236465303 0.17266054336306527 0.18408845282856368 0.19184293104160235 0.19632547644559362 0.19802768356198436 0.19747566622310542 0.1951869938721615 0.19164122673945685 0.18726278388224843 0.18241367357050475 0.17739329869718645 0.17244278486827128 0.16775177401363323 0.1634661799481252 0.15969590043405585 0.1565218749075465 0.15400216083633306 0.15217688804042484 0.1510720600473829 0.15070222563547642 0.1510720600473829 0.1521768880404248 0.15400216083633303 0.15652187490754654 0.1596959004340558 0.16346617994812512
-0.1731847041022042 -0.16765833952281922 -0.15885231026003357 -0.14639180545477942 -0.1300603072760303 -0.10986121534657844 -0.08606579229512605 -0.05923400572476965 -0.03019741219731498 -1.1848469311303086e-16 0.03019741219731475 0.05923400572476941 0.08606579229512598 0.10986121534657808 0.13006030727603013 0.14639180545477926 0.15885231026003332 0.1676583395228191 0.17318470410220405 0.17590145279724823 0.17631820006408497 0.17494059226871148 0.17224016979986892 0.16863649216539364 0.16448914588797686 0.16009690054165227 0.15570148463514508 0.15149392897239014 0.14762196727951418 0.14419747634108518 0.14130333065240078 0.1389993308436208 0.1373270531549344 0.13631357917177173 0.13597412143811144 0.13631357917177173 0.1373270531549344 0.13899933084362073 0.14130333065240083 0.14419747634108515 0.14762196727951413
-0.1963254764455937 -0.1918429310416024 -0.18408845282856384 -0.17266054336306544 -0.15731132364653042 -0.13800935595976066 -0.11498959643068848 -0.08877698252463673 -0.060172532281275906 -0.03019741219731498 -1.1449174941446927e-16 0.02925938029138369 0.056525164539973236 0.08094350115924567 0.10192394850524604 0.1191598060454626 0.13261057890957986 0.1424569312667605 0.14904123696841937 0.15280586506688057 0.15423807160409908 0.1538264137872387 0.15203014093130263 0.14926061475139332 0.14587252651102556 0.14216227853985589 0.13837106240179123 0.13469060959912282 0.13127011078966075 0.1282232787550097 0.1256349165833153 0.12356663470512136 0.12206154907050758 0.12114790675991091 0.12084164445784952 0.12114790675991091 0.12206154907050755 0.12356663470512133 0.12563491658331533 0.12822327875500963 0.13127011078966067
-0.21768656630865899 -0.21417990418844848 -0.20743284211952928 -0.19702440724721626 -0.1826816846357188 -0.1643427966625064 -0.14220784237021275 -0.11676447611684015 -0.08877698252463673 -0.059234005724769646 -0.02925938029138392 -1.1449174941446927e-16 0.027489078553899145 0.052341512285105724 0.07394301790427746 0.091954667080696 0.10629897292652947 0.11711843362547714 0.12471910129350289 0.12951101457288297 0.1319543061067055 0.13251601535161275 0.13163926603018505 0.12972408401665578 0.1271178181104776 0.12411267708475117 0.12094800992934153 0.11781535666356559 0.1148647857334498 0.11221149309989631 0.10994201321726743 0.10811966953917071 0.10678908017639455 0.10597965001530613 0.10570804260431418 0.10597965001530613 0.10678908017639452 0.10811966953917071 0.1099420132172675 0.11221149309989628 0.11486478573344971
