test/standards/AN_nsd_trans_Synth.asc
ncols         101
nrows         101
xllcorner     0.0
yllcorner     0.0
cellsize      1
NODATA_value  -9999.
[rows 54 to 71 of 101, columns 41 to 81 of 101]
-0.2366076811994059 -0.2339633346350893 -0.22813141500884793 -0.21867957521349468 -0.20531744047094355 -0.18795872171948358 -0.1667720825931015 -0.14220784237021275 -0.11498959643068847 -0.08606579229512605 -0.05652516453997328 -0.02748907855389919 7.632783294297951e-17 0.025073876547625003 0.04710260239401749 0.06572026117117927 0.08081473311375989 0.09249027654500161 0.1010147685376041 0.10676297244227755 0.11016446276134323 0.11166129185783966 0.11167725189158109 0.11059825120572317 0.10876199636100514 0.1064546740836708 0.10391238420054422 0.1013254241199977 0.09884397509139656 0.09658417338115628 0.09463390921524603 0.0930579663497781 0.09190230096216402 0.09119737524345478 0.09096052578218158 0.09119737524345478 0.091902300962164 0.09305796634977807 0.09463390921524606 0.09658417338115628 0.0988439750913965
-0.25259867081435305 -0.2506703209694735 -0.24562540774345862 -0.23702853791048636 -0.22457999248571237 -0.20817603958036224 -0.18795872171948358 -0.1643427966625064 -0.13800935595976066 -0.10986121534657844 -0.08094350115924602 -0.052341512285106105 -0.025073876547625176 -2.5673907444456745e-16 0.022243483720705157 0.04127035972678192 0.056938094317475964 0.06931464930335716 0.07862982824079906 0.08522190895030507 0.08948789912545782 0.09184248468527155 0.0926876909404874 0.09239302159342089 0.09128451428976589 0.08964061228584164 0.08769275071040851 0.08562884999233883 0.08359831449537274 0.08171753640842698 0.08007524561413223 0.07873730629862138 0.07775074313332112 0.07714689665173097 0.07694367444867314 0.07714689665173097 0.07775074313332109 0.07873730629862137 0.08007524561413226 0.08171753640842697 0.08359831449537271
-0.2653692750335988 -0.2639930406140244 -0.25958604460830353 -0.2517177668259362 -0.24008708372148688 -0.22457999248571237 -0.20531744047094358 -0.18268168463571882 -0.15731132364653042 -0.1300603072760303 -0.10192394850524618 -0.07394301790427762 -0.047102602394017465 -0.022243483720705462 -6.938893903907228e-17 0.01922875109068104 0.03527531072944741 0.048174871015893024 0.05812093752030142 0.06541567851303623 0.07042290736031573 0.0735286826308589 0.07511167321892845 0.07552328592359497 0.0750762458360169 0.0740397475640105 0.07263923908639075 0.07105913766299049 0.0694471356849378 0.06791912226734967 0.06656406517238803 0.06544844548969173 0.06462001422087676 0.0641107557750801 0.06393901206252638 0.0641107557750801 0.06462001422087676 0.06544844548969173 0.06656406517238808 0.06791912226734964 0.06944713568493774
-0.2748330263875205 -0.2738424325528112 -0.2699182513536008 -0.2626418202682181 -0.25171776682593616 -0.23702853791048634 -0.21867957521349465 -0.19702440724721626 -0.1726605433630654 -0.14639180545477942 -0.11915980604546272 -0.09195466708069618 -0.06572026117117924 -0.041270359726782224 -0.01922875109068116 -5.551115123125783e-17 0.016229609569323997 0.029467064174746538 0.039872608032448034 0.04771398174851901 0.05332239503138924 0.05705506815063196 0.059266570968631076 0.060289164114107494 0.06042107569030479 0.0599210524886599 0.05900741907200434 0.05786006114595069 0.05662406059984191 0.055414041818883535 0.05431858385597068 0.053404286925368825 0.05271925162202058 0.052295843135240994 0.05215268233970039 0.052295843135240994 0.05271925162202058 0.05340428692536884 0.05431858385597071 0.05541404181888352 0.05662406059984188
-0.28108834121472953 -0.2803270047361149 -0.27673734567081787 -0.2699182513536008 -0.25958604460830353 -0.2456254077434586 -0.22813141500884793 -0.20743284211952928 -0.18408845282856384 -0.15885231026003357 -0.13261057890958006 -0.10629897292652973 -0.08081473311375993 -0.05693809431747639 -0.03527531072944766 -0.016229609569324233 -1.8041124150158794e-16 0.013397345474449804 0.02409324565738706 0.03232364948254253 0.038388729493686186 0.04261756137240896 0.045340653568878675 0.04687070611796551 0.04749075679262053 0.047448267837347693 0.04695355928473332 0.04618112749149561 0.04527265251090447 0.04434079432408554 0.04347314820830518 0.04273594822630897 0.04217726982015044 0.04182959337493057 0.04171166038905376 0.04182959337493057 0.04217726982015044 0.04273594822630897 0.0434731482083052 0.04434079432408552 0.045272652510904454
-0.2843834384787311 -0.2837142278760774 -0.2803270047361149 -0.27384243255281127 -0.2639930406140244 -0.2506703209694735 -0.23396333463508934 -0.21417990418844848 -0.1918429310416024 -0.1676583395228192 -0.14245693126676057 -0.11711843362547726 -0.09249027654500147 -0.0693146493033574 -0.048174871015893045 -0.02946706417474655 -0.013397345474449956 4.163336342344337e-17 0.010830563666246767 0.019301729471176893 0.025684897622437683 0.03028240473404835 0.03340139742387177 0.0353351774683954 0.03635137687009478 0.036685716695874476 0.03653992326974943 0.03608246317244736 0.03545098054681699 0.03475558195289049 0.03408235952718197 0.03349674612890816 0.03304644938475415 0.032763818611398744 0.032667567786844424 0.03276381861139874 0.03304644938475415 0.033496746128908135 0.034082359527182 0.034755581952890476 0.03545098054681696
-0.2850731243180602 -0.2843834384787311 -0.28108834121472953 -0.2748330263875205 -0.2653692750335988 -0.25259867081435305 -0.2366076811994059 -0.21768656630865899 -0.19632547644559373 -0.17318470410220418 -0.14904123696841948 -0.12471910129350304 -0.10101476853760408 -0.07862982824079942 -0.05812093752030158 -0.03987260803244817 -0.024093245657387338 -0.010830563666246823 -1.1102230246251565e-16 0.008580753997150761 0.01515701686068284 0.020006294183932988 0.023413584560758108 0.0256534367183964 0.026978288810355022 0.027612026055893205 0.02774748813042112 0.02754670721842796 0.027142840820938874 0.02664299262226673 0.026131336256778673 0.025672143916012233 0.02531246572689118 0.025084308459492458 0.02500623009646359 0.025084308459492458 0.025312465726891165 0.02567214391601222 0.0261313362567787 0.026642992622266715 0.027142840820938846
-0.2835748695427322 -0.2827783912885757 -0.27948896043950705 -0.2733777051260724 -0.2642173494826193 -0.2519216299258704 -0.23657690366550255 -0.2184587471429162 -0.1980276835619844 -0.17590145279724834 -0.15280586506688065 -0.1295110145728831 -0.10676297244227749 -0.08522190895030532 -0.06541567851303637 -0.04771398174851914 -0.03232364948254279 -0.019301729471176962 -0.008580753997150942 -8.326672684688674e-17 0.006662647706978997 0.011662075174091902 0.015262706073232171 0.017721351868351123 0.01927582103493397 0.02013838512666674 0.02049297798347631 0.020495022031640955 0.02027292454278294 0.01993048618197174 0.019549663110195736 0.019193295606938846 0.018907550805673995 0.018723924921052293 0.018660716594688376 0.01872392492105228 0.01890755080567398 0.01919329560693883 0.019549663110195736 0.019930486181971754 0.0202729245427829
-0.2803297074258947 -0.2793654171037385 -0.27601839400895606 -0.2699859564020577 -0.26106231160081983 -0.2491743586954874 -0.2344099899047068 -0.21703245838663493 -0.19747566622310553 -0.17631820006408505 -0.1542380716040992 -0.1319543061067056 -0.11016446276134319 -0.0894878991254581 -0.07042290736031581 -0.05332239503138932 -0.03838872949368638 -0.02568489762243767 -0.015157016860682979 -0.006662647706979108 -2.7755575615628914e-17 0.00506553710096018 0.008779600666089626 0.011382536872921178 0.013098355137927578 0.01412819158592786 0.014647288356423246 0.014804487206079478 0.014723355246531927 0.014504233508756195 0.014226677145057237 0.013951913184385628 0.013725067192835921 0.013577002948637049 0.013525683400125513 0.013577002948637049 0.013725067192835921 0.013951913184385642 0.014226677145057251 0.014504233508756195 0.0147233552465319
-0.2757711329295124 -0.2746005133257896 -0.271153386597384 -0.26515260698789567 -0.2564134966365179 -0.2448762912357808 -0.2306313761995584 -0.21393157638994134 -0.19518699387216154 -0.17494059226871145 -0.1538264137872387 -0.13251601535161286 -0.11166129185783959 -0.09184248468527179 -0.07352868263085897 -0.057055068150632 -0.042617561372409116 -0.030282404734048307 -0.0200062941839331 -0.011662075174092013 -0.005065537100960235 -1.3877787807814457e-17 0.0037632686184146946 0.00644957373612437 0.008270138192275955 0.009415631219092169 0.010053001588630983 0.010324708578832192 0.010349538364252772 0.010224342921907381 0.010026197866717393 0.009814619204605801 0.009633595644412365 0.009513280840484695 0.009471251784179416 0.00951328084048468 0.009633595644412365 0.009814619204605815 0.010026197866717407 0.010224342921907381 0.01034953836425273
-0.2703030533652503 -0.2689063534249062 -0.2653339579414496 -0.25933293151967446 -0.2507386779706211 -0.23950432801942811 -0.22572319686214412 -0.20963919162404493 -0.191641226739457 -0.172240169799869 -0.15203014093130274 -0.13163926603018514 -0.11167725189158104 -0.09268769094048761 -0.07511167321892853 -0.05926657096863111 -0.045340653568878814 -0.03340139742387174 -0.02341358456075819 -0.015262706073232268 -0.00877960066608964 -0.0037632686184146946 0.0 0.0027219588359381347 0.004602163441987855 0.0058216126019378645 0.006539494206617216 0.006892213382133722 0.006993954169925459 0.006938155340869737 0.006799423559358503 0.006635538377646535 0.006489311988946395 0.00639014952605127 0.006355215126100863 0.00639014952605127 0.006489311988946395 0.006635538377646535 0.006799423559358531 0.006938155340869737 0.0069939541699254315
-0.26428628198346404 -0.2626585265285833 -0.2589493703234187 -0.2529283067451621 -0.24444934223962803 -0.23347764496703183 -0.2201095296716698 -0.2045811985423268 -0.18726278388224857 -0.16863649216539384 -0.14926061475139343 -0.1297240840166559 -0.11059825120572314 -0.09239302159342111 -0.07552328592359506 -0.06028916411410755 -0.04687070611796568 -0.035335177468395415 -0.025653436718396497 -0.017721351868351207 -0.011382536872921192 -0.0064495737361244115 -0.002721958835938121 -1.3877787807814457e-17 0.0019053560920058304 0.0031663083548254117 0.003934904891762556 0.004341917733046499 0.004497197222265825 0.004490926597705891 0.004395325338489547 0.004266470093297198 0.00414600294035089 0.004062574982342929 0.004032930304586138 0.004062574982342929 0.004146002940350876 0.004266470093297184 0.004395325338489547 0.004490926597705877 0.004497197222265811
-0.25803216057988426 -0.25617937715206296 -0.25233215638258943 -0.24628036276250748 -0.2378948614265174 -0.22715174934369747 -0.21415017431403455 -0.19911962773981282 -0.18241367357050475 -0.16448914588797692 -0.14587252651102559 -0.12711781811047768 -0.10876199636100504 -0.09128451428976604 -0.07507624583601694 -0.060421075690304825 -0.04749075679262062 -0.036351376870094695 -0.02697828881035509 -0.019275821034934054 -0.01309835513792762 -0.00827013819227597 -0.004602163441987828 -0.0019053560920058443 0.0 0.001278205863981044 0.002074841491291071 0.002515526966170037 0.002706109798152029 0.0027337350925625975 0.002668370587909641 0.0025644691178050433 0.0024625452155429273 0.002390516579622984 0.002364715817779306 0.002390516579622984 0.0024625452155429273 0.0025644691178050294 0.0026683705879096548 0.0027337350925625836 0.002706109798152029
-0.2518015475645806 -0.2497374828647368 -0.24575804892015973 -0.2396712878230833 -0.23136305385214478 -0.22081913978549397 -0.20814122540357696 -0.19355293226125092 -0.17739329869718656 -0.16009690054165243 -0.142162278539856 -0.12411267708475135 -0.10645467408367082 -0.08964061228584187 -0.0740397475640106 -0.059921052488659976 -0.047448267837347846 -0.036685716695874476 -0.027612026055893316 -0.02013838512666684 -0.014128191585927888 -0.009415631219092196 -0.005821612601937892 -0.0031663083548254117 -0.0012782058639810578 -2.7755575615628914e-17 0.0008081139314533442 0.0012671189474072059 0.0014792302336512492 0.001528812795643028 0.001483756225455185 0.0013970019627852076 0.001308006585257565 0.0012439948067361345 0.0012209083798254278 0.0012439948067361345 0.001308006585257565 0.0013970019627851937 0.001483756225455185 0.0015288127956430003 0.0014792302336512353
-0.2458074431878004 -0.24355088618551268 -0.23944977706028048 -0.2333281082795422 -0.22508482807082208 -0.2147141581371847 -0.20231994832120712 -0.18812068846867291 -0.17244278486827141 -0.1557014846351452 -0.13837106240179134 -0.12094800992934164 -0.10391238420054416 -0.08769275071040872 -0.07263923908639079 -0.05900741907200438 -0.04695355928473345 -0.036539923269749405 -0.027747488130421216 -0.020492977983476407 -0.014647288356423288 -0.010053001588631025 -0.006539494206617216 -0.0039349048917625695 -0.002074841491291085 -0.0008081139314533858 -1.3877787807814457e-17 0.00046637500802447496 0.0006899863044919213 0.0007527020799781292 0.0007205326984306565 0.0006450436737491516 0.0005647224012994556 0.0005061553287881992 0.00048492277170064657 0.0005061553287881992 0.0005647224012994556 0.0006450436737491377 0.0007205326984306704 0.0007527020799781153 0.0006899863044919075
-0.2402197734487281 -0.2377924957914192 -0.23358304097731092 -0.22742915973815064 -0.21924103949164145 -0.20902008970192137 -0.1968719571892119 -0.18301067210915403 -0.16775177401363334 -0.15149392897239025 -0.1346906095991229 -0.11781535666356568 -0.10132542411999765 -0.08562884999233898 -0.07105913766299055 -0.05786006114595073 -0.04618112749149572 -0.03608246317244733 -0.02754670721842807 -0.02049502203164101 -0.014804487206079478 -0.010324708578832192 -0.006892213382133708 -0.004341917733046485 -0.002515526966170023 -0.001267118947407192 -0.00046637500802447496 1.3877787807814457e-17 0.00022814248632259393 0.00029772073148033595 0.000273080156415792 0.0002045607134766314 0.00012978226639435986 7.475754022426284e-05 5.4740958654472816e-05 7.475754022426284e-05 0.00012978226639435986 0.00020456071347661753 0.00027308015641580585 0.0002977207314803221 0.00022814248632258005
-0.2351711860963921 -0.23259644715665656 -0.22829339504070742 -0.22211142329172318 -0.2139701830393988 -0.2038770910918217 -0.19193923751550587 -0.1783668240825556 -0.16346617994812523 -0.14762196727951427 -0.1312701107896608 -0.11486478573344983 -0.09884397509139649 -0.08359831449537292 -0.06944713568493782 -0.05662406059984193 -0.04527265251090459 -0.035450980546816974 -0.027142840820938957 -0.020272924542782997 -0.014723355246531941 -0.010349538364252772 -0.006993954169925445 -0.004497197222265839 -0.002706109798152029 -0.0014792302336512492 -0.0006899863044919213 -0.00022814248632256617 1.3877787807814457e-17 7.221181201536031e-05 5.139579888781276e-05 -1.3174491007711397e-05 -8.463700321169332e-05 -0.00013748181811831794 -0.00015674080606127572 -0.00013748181811831794 -8.463700321169332e-05 -1.3174491007711397e-05 5.139579888782664e-05 7.221181201534643e-05 -1.3877787807814457e-17
-0.23076304051091684 -0.22806457380962014 -0.22368316214047368 -0.21747782338194135 -0.20937599423501818 -0.1993899957032689 -0.1876280428814224 -0.1742971165620215 -0.15969590043405585 -0.1441974763410852 -0.12822327875500972 -0.11221149309989632 -0.0965841733811562 -0.0817175364084271 -0.0679191222673497 -0.05541404181888357 -0.044340794324085636 -0.03475558195289044 -0.02664299262226677 -0.019930486181971796 -0.014504233508756223 -0.010224342921907381 -0.0069381553408697505 -0.004490926597705877 -0.0027337350925625836 -0.0015288127956430003 -0.0007527020799781153 -0.0002977207314803082 -7.221181201533255e-05 1.3877787807814457e-17 -1.9399538075143274e-05 -8.203963639687173e-05 -0.0001517017218124056 -0.00020330391679213022 -0.00022212226954132497 -0.0002033039167921441 -0.00015170172181241948 -8.203963639689948e-05 -1.9399538075129397e-05 0.0 -7.221181201534643e-05
