test/standards/AN_nsd_trans_Synth.asc
ncols         101
nrows         101
xllcorner     0.0
yllcorner     0.0
cellsize      1
NODATA_value  -9999.
[rows 54 to 71 of 101, columns 0 to 40 of 101]
-0.086065792295126 -0.11498959643068837 -0.1422078423702127 -0.1667720825931015 -0.18795872171948355 -0.2053174404709435 -0.21867957521349465 -0.22813141500884793 -0.23396333463508937 -0.2366076811994059 -0.23657690366550255 -0.2344099899047068 -0.23063137619955854 -0.22572319686214407 -0.22010952967166977 -0.21415017431403455 -0.20814122540357696 -0.20231994832120712 -0.19687195718921194 -0.19193923751550593 -0.18762804288142243 -0.18401607988922242 -0.18115867182003054 -0.17909377230200899 -0.1778458061331771 -0.17742836574342633 -0.1778458061331771 -0.17909377230200896 -0.18115867182003054 -0.18401607988922242 -0.18762804288142237 -0.19193923751550587 -0.1968719571892119 -0.2023199483212071 -0.208141225403577 -0.21415017431403452 -0.22010952967166977 -0.2257231968621441 -0.23063137619955842 -0.23440998990470682 -0.23657690366550255
-0.10986121534657839 -0.13800935595976055 -0.1643427966625063 -0.1879587217194836 -0.20817603958036213 -0.2245799924857123 -0.23702853791048645 -0.2456254077434587 -0.2506703209694735 -0.252598670814353 -0.25192162992587047 -0.24917435869548735 -0.24487629123578086 -0.239504328019428 -0.23347764496703183 -0.2271517493436975 -0.2208191397854939 -0.2147141581371847 -0.20902008970192137 -0.20387709109182178 -0.19938999570326899 -0.19563542073619566 -0.19266786922749918 -0.19052469784310277 -0.1892299254860112 -0.18879690881399985 -0.1892299254860112 -0.19052469784310277 -0.1926678692274992 -0.19563542073619566 -0.1993899957032689 -0.20387709109182167 -0.20902008970192137 -0.21471415813718467 -0.22081913978549395 -0.2271517493436975 -0.23347764496703183 -0.23950432801942811 -0.24487629123578084 -0.2491743586954874 -0.2519216299258704
-0.13006030727603024 -0.15731132364653033 -0.18268168463571874 -0.2053174404709436 -0.22457999248571214 -0.24008708372148682 -0.25171776682593616 -0.25958604460830365 -0.26399304061402445 -0.2653692750335988 -0.2642173494826194 -0.2610623116008198 -0.2564134966365179 -0.25073867797062105 -0.24444934223962805 -0.2378948614265175 -0.23136305385214476 -0.22508482807082203 -0.21924103949164148 -0.21397018303939883 -0.20937599423501818 -0.2055343906027342 -0.20249944651136015 -0.2003082677680589 -0.19898473529170793 -0.1985421385432464 -0.19898473529170793 -0.2003082677680589 -0.20249944651136018 -0.20553439060273426 -0.20937599423501818 -0.21397018303939883 -0.21924103949164148 -0.22508482807082206 -0.23136305385214478 -0.2378948614265174 -0.24444934223962805 -0.2507386779706211 -0.2564134966365179 -0.2610623116008198 -0.2642173494826194
-0.14639180545477937 -0.17266054336306533 -0.1970244072472162 -0.21867957521349468 -0.2370285379104863 -0.2517177668259361 -0.26264182026821803 -0.26991825135360076 -0.27384243255281127 -0.27483302638752044 -0.27337770512607235 -0.26998595640205764 -0.2651526069878958 -0.2593329315196744 -0.2529283067451621 -0.24628036276250753 -0.23967128782308314 -0.2333281082795422 -0.2274291597381507 -0.2221114232917232 -0.21747782338194144 -0.21360392614248114 -0.2105437284461223 -0.20833439651375774 -0.20699991474752144 -0.20655365756786015 -0.20699991474752144 -0.20833439651375774 -0.21054372844612232 -0.21360392614248114 -0.21747782338194135 -0.22211142329172318 -0.22742915973815067 -0.2333281082795422 -0.2396712878230833 -0.24628036276250745 -0.2529283067451621 -0.25933293151967446 -0.26515260698789567 -0.2699859564020577 -0.27337770512607235
-0.15885231026003352 -0.18408845282856376 -0.20743284211952934 -0.22813141500884793 -0.2456254077434586 -0.2595860446083035 -0.26991825135360076 -0.27673734567081776 -0.28032700473611494 -0.2810883412147295 -0.27948896043950716 -0.276018394008956 -0.2711533865973841 -0.2653339579414496 -0.2589493703234187 -0.2523321563825895 -0.24575804892015962 -0.2394497770602805 -0.23358304097731092 -0.22829339504070742 -0.22368316214047376 -0.21982782480461438 -0.2167815789946404 -0.21458189997590207 -0.21325307020425427 -0.21280867230864742 -0.21325307020425427 -0.21458189997590207 -0.21678157899464043 -0.21982782480461438 -0.22368316214047368 -0.22829339504070742 -0.2335830409773109 -0.23944977706028048 -0.24575804892015973 -0.25233215638258943 -0.2589493703234187 -0.2653339579414496 -0.271153386597384 -0.27601839400895606 -0.27948896043950705
-0.16765833952281917 -0.19184293104160233 -0.21417990418844837 -0.23396333463508934 -0.2506703209694734 -0.2639930406140244 -0.27384243255281115 -0.28032700473611494 -0.2837142278760775 -0.2843834384787312 -0.2827783912885756 -0.27936541710373863 -0.2746005133257897 -0.2689063534249062 -0.2626585265285833 -0.25617937715206307 -0.24973748286473677 -0.24355088618551268 -0.2377924957914192 -0.23259644715665662 -0.22806457380962014 -0.22427244222939113 -0.2212746315571188 -0.2191090971262859 -0.217800555901627 -0.2173628861277919 -0.217800555901627 -0.2191090971262859 -0.2212746315571188 -0.22427244222939113 -0.22806457380962014 -0.23259644715665656 -0.23779249579141917 -0.24355088618551268 -0.24973748286473677 -0.25617937715206296 -0.2626585265285833 -0.2689063534249062 -0.2746005133257896 -0.2793654171037385 -0.2827783912885756
-0.17318470410220416 -0.19632547644559362 -0.21768656630865887 -0.2366076811994059 -0.2525986708143529 -0.2653692750335988 -0.27483302638752044 -0.2810883412147295 -0.28438343847873115 -0.2850731243180603 -0.2835748695427322 -0.2803297074258947 -0.27577113292951244 -0.27030305336525035 -0.264286281983464 -0.2580321605798843 -0.2518015475645806 -0.2458074431878003 -0.24021977344872814 -0.2351711860963921 -0.2307630405109169 -0.2270710531926472 -0.22415027588225855 -0.22203923495850453 -0.22076315808246083 -0.22033626922225866 -0.22076315808246083 -0.2220392349585045 -0.2241502758822586 -0.2270710531926472 -0.23076304051091684 -0.2351711860963921 -0.24021977344872814 -0.2458074431878004 -0.2518015475645806 -0.25803216057988426 -0.264286281983464 -0.2703030533652503 -0.2757711329295124 -0.2803297074258947 -0.2835748695427322
-0.17590145279724828 -0.19802768356198436 -0.21845874714291613 -0.23657690366550255 -0.25192162992587036 -0.2642173494826193 -0.2733777051260723 -0.27948896043950716 -0.2827783912885757 -0.2835748695427322 -0.2822683894930674 -0.279273653175257 -0.2750007512003205 -0.26983404570177427 -0.2641189175846605 -0.258155172370846 -0.2521955351387833 -0.24644766013417996 -0.24107828360859848 -0.2362184382297053 -0.23196894334274537 -0.22840564318198 -0.22558406714641432 -0.22354333123662606 -0.22230919495165713 -0.22189624381823336 -0.22230919495165713 -0.22354333123662606 -0.22558406714641432 -0.22840564318198003 -0.23196894334274532 -0.23621843822970529 -0.24107828360859845 -0.24644766013418 -0.2521955351387833 -0.25815517237084595 -0.2641189175846605 -0.26983404570177427 -0.2750007512003205 -0.279273653175257 -0.28226838949306743
-0.17631820006408502 -0.19747566622310544 -0.2170324583866349 -0.23440998990470685 -0.24917435869548732 -0.2610623116008198 -0.2699859564020577 -0.276018394008956 -0.2793654171037385 -0.28032970742589464 -0.279273653175257 -0.27658551447624613 -0.27265183051233177 -0.2678372202676689 -0.26247139412784326 -0.2568423646574416 -0.25119447103738246 -0.24572979100010614 -0.24061167377890533 -0.23596937756340097 -0.23190305960734114 -0.22848860320062564 -0.22578195435701395 -0.22382277910523726 -0.22263734499942295 -0.22224058672678965 -0.22263734499942295 -0.22382277910523726 -0.22578195435701398 -0.22848860320062564 -0.23190305960734112 -0.23596937756340092 -0.24061167377890533 -0.24572979100010622 -0.25119447103738257 -0.2568423646574416 -0.26247139412784326 -0.267837220267669 -0.2726518305123317 -0.2765855144762462 -0.27927365317525693
-0.1749405922687114 -0.19518699387216143 -0.2139315763899413 -0.2306313761995584 -0.2448762912357807 -0.25641349663651786 -0.2651526069878956 -0.2711533865973841 -0.27460051332578966 -0.2757711329295124 -0.27500075120032047 -0.2726518305123317 -0.2690878438790095 -0.2646539708518536 -0.2596643886297534 -0.25439532256139785 -0.24908264063572855 -0.24392270532077712 -0.23907531692043055 -0.2346677959253265 -0.23079948706833395 -0.22754618297486642 -0.2249641407774804 -0.22309349600793926 -0.22196096802869464 -0.22158180757281642 -0.22196096802869464 -0.22309349600793926 -0.22496414077748045 -0.22754618297486642 -0.23079948706833392 -0.23466779592532644 -0.23907531692043055 -0.24392270532077714 -0.24908264063572855 -0.25439532256139774 -0.2596643886297534 -0.2646539708518536 -0.2690878438790095 -0.2726518305123317 -0.27500075120032047
-0.17224016979986895 -0.19164122673945694 -0.20963919162404482 -0.22572319686214412 -0.23950432801942795 -0.2507386779706211 -0.2593329315196744 -0.26533395794144965 -0.2689063534249062 -0.27030305336525023 -0.26983404570177427 -0.267837220267669 -0.2646539708518536 -0.2606107539477569 -0.2560066736105483 -0.25110641234389575 -0.2461374465668021 -0.24129038865087665 -0.23672138429793546 -0.2325556743157991 -0.22889163801124973 -0.2258048309728372 -0.22335169282783296 -0.22157272443097215 -0.2204950208869812 -0.22013410283352736 -0.2204950208869812 -0.22157272443097215 -0.223351692827833 -0.2258048309728372 -0.22889163801124965 -0.23255567431579904 -0.23672138429793546 -0.24129038865087665 -0.24613744656680214 -0.25110641234389575 -0.2560066736105483 -0.26061075394775696 -0.2646539708518536 -0.267837220267669 -0.26983404570177427
-0.16863649216539378 -0.1872627838822485 -0.2045811985423267 -0.2201095296716698 -0.23347764496703172 -0.244449342239628 -0.2529283067451621 -0.2589493703234187 -0.26265852652858335 -0.26428628198346393 -0.2641189175846605 -0.26247139412784326 -0.2596643886297535 -0.2560066736105483 -0.2517830052446489 -0.24724697551762198 -0.24261790372219616 -0.23808072573885175 -0.2337878971669776 -0.229862477507519 -0.22640174632048482 -0.2234808797483007 -0.2211563666611681 -0.21946896066730465 -0.21844604804347267 -0.21810336710102723 -0.21844604804347267 -0.21946896066730465 -0.2211563666611681 -0.22348087974830072 -0.22640174632048476 -0.229862477507519 -0.23378789716697757 -0.2380807257388517 -0.24261790372219622 -0.2472469755176219 -0.2517830052446489 -0.25600667361054824 -0.2596643886297534 -0.26247139412784326 -0.26411891758466055
-0.1644891458879769 -0.1824136735705047 -0.19911962773981273 -0.21415017431403455 -0.22715174934369736 -0.23789486142651736 -0.24628036276250748 -0.2523321563825895 -0.25617937715206296 -0.25803216057988426 -0.25815517237084595 -0.2568423646574416 -0.25439532256139785 -0.2511064123438957 -0.24724697551762193 -0.24306013947202953 -0.23875743950961184 -0.23451831445927268 -0.23049157113223429 -0.22679803872252968 -0.22353379629442935 -0.22077351759576214 -0.21857361724962038 -0.21697499280354424 -0.21600523777031744 -0.21568025546938951 -0.21600523777031744 -0.21697499280354424 -0.21857361724962043 -0.22077351759576214 -0.22353379629442935 -0.22679803872252968 -0.23049157113223423 -0.23451831445927268 -0.2387574395096119 -0.24306013947202945 -0.24724697551762193 -0.2511064123438957 -0.2543953225613978 -0.2568423646574416 -0.25815517237084595
-0.16009690054165238 -0.1773932986971865 -0.1935529322612509 -0.208141225403577 -0.22081913978549386 -0.23136305385214476 -0.23967128782308328 -0.2457580489201597 -0.2497374828647368 -0.2518015475645807 -0.2521955351387833 -0.2511944710373825 -0.24908264063572857 -0.24613744656680211 -0.24261790372219622 -0.23875743950961192 -0.23476029724727032 -0.23080069584362112 -0.22702391172963837 -0.22354855323463846 -0.22046944070503993 -0.21786065219157924 -0.2157784243068262 -0.21426370216507404 -0.21334420988474398 -0.21303596687266263 -0.21334420988474398 -0.21426370216507404 -0.2157784243068262 -0.21786065219157924 -0.22046944070503988 -0.2235485532346384 -0.22702391172963834 -0.2308006958436211 -0.23476029724727035 -0.23875743950961187 -0.24261790372219622 -0.24613744656680214 -0.24908264063572855 -0.25119447103738257 -0.25219553513878334
-0.15570148463514516 -0.17244278486827136 -0.18812068846867291 -0.20231994832120714 -0.21471415813718459 -0.22508482807082203 -0.23332810827954217 -0.23944977706028048 -0.2435508861855127 -0.24580744318780035 -0.24644766013417999 -0.24572979100010617 -0.24392270532077714 -0.24129038865087665 -0.23808072573885172 -0.23451831445927274 -0.23080069584362106 -0.2270972319886737 -0.22354985992158205 -0.2202750355294813 -0.2173663084920326 -0.2148971029260498 -0.2129233992765875 -0.21148611171610443 -0.21061302994951125 -0.2103202470448041 -0.21061302994951125 -0.21148611171610443 -0.2129233992765875 -0.2148971029260498 -0.21736630849203256 -0.2202750355294813 -0.22354985992158205 -0.2270972319886737 -0.23080069584362106 -0.23451831445927268 -0.23808072573885172 -0.24129038865087665 -0.24392270532077714 -0.2457297910001062 -0.24644766013418
-0.15149392897239022 -0.16775177401363328 -0.18301067210915395 -0.19687195718921194 -0.20902008970192132 -0.21924103949164142 -0.22742915973815064 -0.23358304097731095 -0.2377924957914192 -0.24021977344872814 -0.24107828360859845 -0.2406116737789053 -0.23907531692043058 -0.23672138429793543 -0.23378789716697757 -0.23049157113223423 -0.22702391172963832 -0.22354985992158205 -0.2202082692364905 -0.21711356722021347 -0.2143580669206766 -0.21201451692171208 -0.21013859143470193 -0.208771115697845 -0.20793989386244632 -0.20766105823221626 -0.20793989386244632 -0.208771115697845 -0.21013859143470193 -0.2120145169217121 -0.2143580669206766 -0.2171135672202134 -0.22020826923649048 -0.22354985992158205 -0.22702391172963834 -0.23049157113223423 -0.23378789716697757 -0.23672138429793543 -0.23907531692043055 -0.24061167377890536 -0.24107828360859845
-0.14762196727951424 -0.16346617994812518 -0.1783668240825556 -0.1919392375155059 -0.20387709109182164 -0.2139701830393988 -0.22211142329172315 -0.22829339504070745 -0.2325964471566566 -0.23517118609639204 -0.23621843822970534 -0.23596937756340092 -0.2346677959253265 -0.23255567431579904 -0.229862477507519 -0.2267980387225297 -0.22354855323463838 -0.22027503552948127 -0.2171135672202134 -0.2141767215359952 -0.2115556517988912 -0.20932244483364426 -0.20753244653688674 -0.2062263562255538 -0.2054319558878 -0.20516539114858307 -0.2054319558878 -0.20622635622555377 -0.20753244653688677 -0.20932244483364426 -0.21155565179889116 -0.21417672153599512 -0.2171135672202134 -0.2202750355294813 -0.22354855323463846 -0.22679803872252968 -0.229862477507519 -0.23255567431579904 -0.23466779592532644 -0.23596937756340092 -0.23621843822970529
-0.14419747634108518 -0.1596959004340558 -0.1742971165620214 -0.1876280428814224 -0.19938999570326887 -0.20937599423501815 -0.21747782338194138 -0.22368316214047373 -0.22806457380962017 -0.2307630405109168 -0.23196894334274534 -0.2319030596073411 -0.23079948706833395 -0.22889163801124965 -0.2264017463204848 -0.22353379629442938 -0.22046944070503982 -0.21736630849203256 -0.2143580669206766 -0.2115556517988912 -0.20904917162723013 -0.2069100974441624 -0.20519345080623558 -0.2039397880494767 -0.2031768463780357 -0.2029207671010716 -0.2031768463780357 -0.20393978804947666 -0.20519345080623558 -0.2069100974441624 -0.20904917162723013 -0.21155565179889116 -0.2143580669206766 -0.2173663084920326 -0.22046944070503988 -0.22353379629442932 -0.2264017463204848 -0.22889163801124968 -0.23079948706833392 -0.23190305960734114 -0.23196894334274534
