test/standards/AN_NSD_Synth.asc
ncols         101
nrows         101
xllcorner     0.0
yllcorner     0.0
cellsize      1
NODATA_value  -9999.
[rows 0 to 28 of 101, columns 0 to 63 of 101]
0.0 0.0 0.0 0.0 0.0 0.0 0.0 0.0 0.0 0.0 0.0 0.0 0.0 0.0 0.0 0.0 0.0 0.0 0.0 0.0 0.0 0.0 0.0 0.0 0.0 0.0 0.0 0.0 0.0 0.0 0.0 0.0 0.0 0.0 0.0 0.0 0.0 0.0 0.0 0.0 0.0 0.0 0.0 0.0 0.0 0.0 0.0 0.0 0.0 0.0 0.0 0.0 5.359258512066543 4.536941247054999 4.073068145783782 3.7601643225164394 3.532326691049246 3.35936727189965 3.2244718802621093 3.117044636016084 3.029849116517393 2.9576915267250663 2.8967470971539875 2.8441835308833032
0.0 0.0 0.0 0.0 0.0 0.0 0.0 0.0 0.0 0.0 0.0 0.0 0.0 0.0 0.0 0.0 0.0 0.0 0.0 0.0 0.0 0.0 0.0 0.0 0.0 0.0 0.0 0.0 0.0 0.0 0.0 0.0 0.0 0.0 0.0 0.0 0.0 0.0 0.0 0.0 0.0 0.0 0.0 0.0 0.0 0.0 0.0 0.0 0.0 0.0 0.0 5.3424616546411565 4.508396388202994 4.033368052240567 3.7102454703772945 3.4734199601966274 3.292886933937053 3.1519058680054917 3.0398571193790525 2.949399710909658 2.875172793565237 2.813140208748983 2.7602308174750543 2.7141241878236295
5.342461654641163 0.0 0.0 0.0 0.0 0.0 0.0 0.0 0.0 0.0 0.0 0.0 0.0 0.0 0.0 0.0 0.0 0.0 0.0 0.0 0.0 0.0 0.0 0.0 0.0 0.0 0.0 0.0 0.0 0.0 0.0 0.0 0.0 0.0 0.0 0.0 0.0 0.0 0.0 0.0 0.0 0.0 0.0 0.0 0.0 0.0 0.0 0.0 0.0 0.0 5.342461654641165 4.498640742632364 4.012820849944887 3.67897147955585 3.432091134164038 3.2425633847655058 3.0938812874831765 2.975532025926679 2.8801754498489522 2.8023655137813233 2.7379147092258225 2.6835534603627322 2.6367333229529306 2.595502763561559
4.508396388202993 5.359258512066547 0.0 0.0 0.0 0.0 0.0 0.0 0.0 0.0 0.0 0.0 0.0 0.0 0.0 0.0 0.0 0.0 0.0 0.0 0.0 0.0 0.0 0.0 0.0 0.0 0.0 0.0 0.0 0.0 0.0 0.0 0.0 0.0 0.0 0.0 0.0 0.0 0.0 0.0 0.0 0.0 0.0 0.0 0.0 0.0 0.0 0.0 0.0 5.3592585120665515 4.508396388202994 4.012820849944885 3.6683186151751968 3.4107811326008464 3.2111709783631626 3.0533728514855825 2.92711928618994 2.8251911005845733 2.7421574974233036 2.6737595268264918 2.6165888885706696 2.5679100139298288 2.525553363526583 2.4878439246581725
4.033368052240569 4.5369412470550055 5.391422758109749 0.0 0.0 0.0 0.0 0.0 0.0 0.0 0.0 0.0 0.0 0.0 0.0 0.0 0.0 0.0 0.0 0.0 0.0 0.0 0.0 0.0 0.0 0.0 0.0 0.0 0.0 0.0 0.0 0.0 0.0 0.0 0.0 0.0 0.0 0.0 0.0 0.0 0.0 0.0 0.0 0.0 0.0 0.0 0.0 0.0 5.391422758109753 4.536941247055007 4.0333680522405695 3.678971479555849 3.410781132600848 3.200500430981926 3.032547229681482 2.8970333158348174 2.7869859944815487 2.6971027968074983 2.6231502420859614 2.5616598499450283 2.5097685715838702 2.465130376861473 2.4258619925485916 2.390503615619899
3.7102454703772922 4.073068145783782 4.582193813058306 5.436264034414134 0.0 0.0 0.0 0.0 0.0 0.0 0.0 0.0 0.0 0.0 0.0 0.0 0.0 0.0 0.0 0.0 0.0 0.0 0.0 0.0 0.0 0.0 0.0 0.0 0.0 0.0 0.0 0.0 0.0 0.0 0.0 0.0 0.0 0.0 0.0 0.0 0.0 0.0 0.0 0.0 0.0 0.0 0.0 5.436264034414134 4.582193813058308 4.073068145783783 3.7102454703772927 3.432091134164035 3.2111709783631612 3.0325472296814797 2.8868261378118754 2.7673998687884342 2.6692102152436807 2.5881564642424015 2.5208036970275396 2.4642385608970465 2.4159979913767526 2.37403247478749 2.336683572869902 2.3026650580959
3.4734199601966274 3.7601643225164416 4.1292913920353875 4.640949269470703 5.490132843043844 0.0 0.0 0.0 0.0 0.0 0.0 0.0 0.0 0.0 0.0 0.0 0.0 0.0 0.0 0.0 0.0 0.0 0.0 0.0 0.0 0.0 0.0 0.0 0.0 0.0 0.0 0.0 0.0 0.0 0.0 0.0 0.0 0.0 0.0 0.0 0.0 0.0 0.0 0.0 0.0 0.0 5.490132843043853 4.640949269470702 4.129291392035389 3.760164322516442 3.473419960196628 3.2425633847655044 3.0533728514855825 2.897033315834816 2.7673998687884356 2.659765178958857 2.570269091821485 2.495612137287313 2.4329211167559652 2.379691438565867 2.333766283980858 2.293330813083955 2.256909588497849 2.223361069303455
3.2928869339370532 3.5323266910492483 3.8256767073374633 4.198457661816876 4.7092195383292985 5.548797638981155 0.0 0.0 0.0 0.0 0.0 0.0 0.0 0.0 0.0 0.0 0.0 0.0 0.0 0.0 0.0 0.0 0.0 0.0 0.0 0.0 0.0 0.0 0.0 0.0 0.0 0.0 0.0 0.0 0.0 0.0 0.0 0.0 0.0 0.0 0.0 0.0 0.0 0.0 0.0 5.548797638981158 4.709219538329302 4.198457661816875 3.825676707337465 3.5323266910492497 3.292886933937054 3.0938812874831765 2.927119286189941 2.7869859944815483 2.669210215243682 2.5702690918214857 2.487098903209705 2.416963094403702 2.357402422949939 2.306226183844579 2.2615211193380786 2.221664646286181 2.185335053951063 2.151514976369642
3.1519058680054908 3.359367271899651 3.605475579059175 3.902969622282786 4.27639395183276 4.7826170129483545 5.607836199961163 0.0 0.0 0.0 0.0 0.0 0.0 0.0 0.0 0.0 0.0 0.0 0.0 0.0 0.0 0.0 0.0 0.0 0.0 0.0 0.0 0.0 0.0 0.0 0.0 0.0 0.0 0.0 0.0 0.0 0.0 0.0 0.0 0.0 0.0 0.0 0.0 0.0 5.6078361999611674 4.782617012948355 4.276393951832763 3.902969622282785 3.605475579059176 3.359367271899652 3.1519058680054917 2.9755320259266775 2.8251911005845733 2.697102796807497 2.588156464242402 2.495612137287313 2.4169630944037017 2.3498864664482 2.2922406435993263 2.2420848573685452 2.1977059666362804 2.1576435733710926 2.120708575093011 2.0859928159431096
3.039857119379052 3.2244718802621106 3.4385202583610823 3.6889582449152596 3.9878244708079027 4.358707277268275 4.856727207978872 5.662993563348269 0.0 0.0 0.0 0.0 0.0 0.0 0.0 0.0 0.0 0.0 0.0 0.0 0.0 0.0 0.0 0.0 0.0 0.0 0.0 0.0 0.0 0.0 0.0 0.0 0.0 0.0 0.0 0.0 0.0 0.0 0.0 0.0 0.0 0.0 0.0 5.662993563348272 4.856727207978874 4.358707277268276 3.9878244708079045 3.6889582449152596 3.4385202583610837 3.224471880262111 3.039857119379052 2.8801754498489514 2.7421574974233027 2.6231502420859596 2.5208036970275405 2.4329211167559652 2.357402422949938 2.2922406435993263 2.2355463485444793 2.1855838775892935 2.1408089371957386 2.0999011970148835 2.061788376747426 2.0256602393313474
2.949399710909657 3.1170446360160846 3.308072381485574 3.5264666481312217 3.778633314171047 4.075965964007102 4.441127743220385 4.927433643722516 5.710480748408656 0.0 0.0 0.0 0.0 0.0 0.0 0.0 0.0 0.0 0.0 0.0 0.0 0.0 0.0 0.0 0.0 0.0 0.0 0.0 0.0 0.0 0.0 0.0 0.0 0.0 0.0 0.0 0.0 0.0 0.0 0.0 0.0 0.0 5.710480748408653 4.927433643722518 4.441127743220387 4.075965964007103 3.7786333141710493 3.5264666481312217 3.3080723814855744 3.117044636016085 2.949399710909658 2.802365513781322 2.6737595268264926 2.5616598499450274 2.4642385608970474 2.3796914385658674 2.3062261838445783 2.2420848573685457 2.1855838775892935 2.135159975120714 2.0894142690713777 2.0471495520322804 2.007398070662467 1.969438630607363
2.8751727935652376 3.0298491165173935 3.2036737566620923 3.3989634280644494 3.619245038498199 3.8704431026079753 4.163369581551669 4.519796664241038 4.991180580502337 5.74721084233517 0.0 0.0 0.0 0.0 0.0 0.0 0.0 0.0 0.0 0.0 0.0 0.0 0.0 0.0 0.0 0.0 0.0 0.0 0.0 0.0 0.0 0.0 0.0 0.0 0.0 0.0 0.0 0.0 0.0 0.0 0.0 5.747210842335181 4.991180580502337 4.519796664241039 4.16336958155167 3.8704431026079757 3.6192450384982005 3.3989634280644494 3.2036737566620928 3.029849116517394 2.8751727935652376 2.737914709225821 2.61658888857067 2.50976857158387 2.4159979913767544 2.3337662839808577 2.261521119338078 2.1977059666362804 2.1408089371957386 2.0894142690713777 2.04225017273642 1.9982290041784525 1.9564775185762637 1.916356250135414
2.8131402087489836 2.9576915267250685 3.118278023955576 3.2962211657573888 3.4934447437250484 3.713092690977836 3.9606837686655414 4.246513099320403 4.59149537345523 5.04517925901153 5.770987205613333 0.0 0.0 0.0 0.0 0.0 0.0 0.0 0.0 0.0 0.0 0.0 0.0 0.0 0.0 0.0 0.0 0.0 0.0 0.0 0.0 0.0 0.0 0.0 0.0 0.0 0.0 0.0 0.0 0.0 5.770987205613333 5.045179259011533 4.591495373455229 4.246513099320403 3.9606837686655427 3.7130926909778363 3.4934447437250506 3.2962211657573888 3.1182780239555763 2.9576915267250694 2.8131402087489836 2.6835534603627336 2.5679100139298305 2.465130376861473 2.374032474787491 2.2933308130839554 2.221664646286181 2.1576435733710935 2.0999011970148844 2.0471495520322818 1.9982290041784536 1.952150139615024 1.908125675315683 1.8655915402314942
2.7602308174750534 2.8967470971539884 3.046919708627957 3.211448082265024 3.391307740547293 3.58810467638609 3.804679972743295 4.046223289939378 4.322575836010871 4.653827454161431 5.087578712665847 5.780672397658714 0.0 0.0 0.0 0.0 0.0 0.0 0.0 0.0 0.0 0.0 0.0 0.0 0.0 0.0 0.0 0.0 0.0 0.0 0.0 0.0 0.0 0.0 0.0 0.0 0.0 0.0 0.0 5.780672397658718 5.08757871266585 4.653827454161433 4.32257583601087 4.046223289939379 3.8046799727432945 3.58810467638609 3.3913077405472944 3.211448082265024 3.046919708627958 2.896747097153989 2.760230817475054 2.6367333229529297 2.525553363526583 2.42586199254859 2.3366835728699025 2.25690958849785 2.1853350539510625 2.120708575093011 2.0617883767474265 2.0073980706624672 1.9564775185762642 1.9081256753156826 1.861633609992631 1.8165068956800394
2.714124187823629 2.8441835308833032 2.986025902949436 3.139948745453733 3.3063420557900236 3.485910122306515 3.6800226141677883 3.8912994940488668 4.124676759334213 4.389603424750414 4.705380157569206 5.1176347390069 5.776379783223662 0.0 0.0 0.0 0.0 0.0 0.0 0.0 0.0 0.0 0.0 0.0 0.0 0.0 0.0 0.0 0.0 0.0 0.0 0.0 0.0 0.0 0.0 0.0 0.0 0.0 5.776379783223661 5.1176347390069 4.705380157569207 4.3896034247504145 4.124676759334212 3.8912994940488663 3.6800226141677888 3.485910122306515 3.306342055790025 3.139948745453733 2.9860259029494363 2.8441835308833037 2.7141241878236295 2.5955027635615577 2.487843924658173 2.3905036156198984 2.3026650580959003 2.2233610693034547 2.1515149763696417 2.08599281594311 2.0256602393313483 1.969438630607363 1.9163562501354143 1.8655915402314935 1.8165068956800392 1.7686720957119215
2.673110836257971 2.7979316620354617 2.9330260043081147 3.078425329659931 3.234147235130791 3.400345838961299 3.577535754378996 3.7669345698227263 3.971023275213186 4.194560116275971 4.446667236556615 4.745902962042407 5.135925767694976 5.7597509994076015 0.0 0.0 0.0 0.0 0.0 0.0 0.0 0.0 0.0 0.0 0.0 0.0 0.0 0.0 0.0 0.0 0.0 0.0 0.0 0.0 0.0 0.0 0.0 5.759750999407606 5.135925767694977 4.745902962042409 4.446667236556617 4.194560116275971 3.971023275213186 3.766934569822726 3.5775357543789967 3.4003458389612993 3.2341472351307923 3.0784253296599307 2.9330260043081156 2.797931662035462 2.6731108362579716 2.5584199814385906 2.453546307037614 2.357984610172984 2.2710422348056305 2.1918662422438784 2.119486584011157 2.052869037768963 1.9909720928532144 1.9328028218212145 1.8774678864469583 1.8242169977563656 1.7724772015592374 1.7218771758559808
2.635991540242596 2.7565326278753757 2.8861101932089905 3.024577056932812 3.171709578821076 3.3273176687564803 3.491400817915366 3.6643698981184567 3.8473773981945216 4.042850900476343 4.255453731386999 4.494060388622809 4.776559679851254 5.144693396270558 5.734429584806299 0.0 0.0 0.0 0.0 0.0 0.0 0.0 0.0 0.0 0.0 0.0 0.0 0.0 0.0 0.0 0.0 0.0 0.0 0.0 0.0 0.0 5.734429584806299 5.144693396270554 4.776559679851253 4.494060388622812 4.255453731386999 4.042850900476345 3.847377398194521 3.664369898118457 3.4914008179153666 3.3273176687564807 3.171709578821077 3.024577056932812 2.8861101932089905 2.7565326278753757 2.6359915402425966 2.5244842792148376 2.421816628458694 2.327589019663582 2.241206833010768 2.1619102048928087 2.0888181028069477 2.020981163920566 1.9574380389339543 1.8972706745741676 1.839654940134459 1.7839040573329892 1.72950325396561 1.6761348120662898
2.6019970318476435 2.719025883960995 2.844065940831305 2.9768491735188682 3.1169944271927523 3.2640937196887676 3.4178302317110214 3.5781363849519163 3.745410816643101 3.920835202438031 4.106881397918906 4.308221332623213 4.533595227664145 4.800350174697489 5.148454872490176 5.706962492202207 0.0 0.0 0.0 0.0 0.0 0.0 0.0 0.0 0.0 0.0 0.0 0.0 0.0 0.0 0.0 0.0 0.0 0.0 0.0 5.706962492202198 5.148454872490176 4.800350174697489 4.533595227664146 4.308221332623214 4.106881397918906 3.9208352024380324 3.745410816643101 3.5781363849519168 3.417830231711021 3.264093719688768 3.1169944271927537 2.976849173518868 2.8440659408313063 2.7190258839609953 2.6019970318476435 2.4930760245828307 2.392155936375967 2.2989182610252015 2.2128463303509287 2.1332564034909187 2.0593418328388187 1.9902253283538478 1.9250144778256655 1.8628562637112087 1.8029871850992085 1.744776555791176 1.6877614379077381 1.6316723673647149
2.5707178210346555 2.6848590691129868 2.806156647186919 2.9342608237726795 3.0686878683934506 3.208892123184924 3.3543620882250518 3.5047436088734796 3.6599983532231066 3.820616133600824 3.9879208928055885 4.16455704522508 4.355357763270295 4.569119730186556 4.822897240894639 5.155223382215334 5.688718640252913 0.0 0.0 0.0 0.0 0.0 0.0 0.0 0.0 0.0 0.0 0.0 0.0 0.0 0.0 0.0 0.0 0.0 5.688718640252927 5.155223382215323 4.822897240894639 4.5691197301865545 4.355357763270292 4.164557045225082 3.987920892805588 3.820616133600826 3.6599983532231057 3.5047436088734805 3.354362088225052 3.2088921231849246 3.068687868393452 2.934260823772679 2.8061566471869193 2.684859069112987 2.570717821034656 2.4638996969702895 2.3643623332692374 2.271849713882614 2.1859073179130037 2.1059136623462438 2.0311240900381025 1.9607222103599078 1.8938744692933216 1.829783832613622 1.7677393551648155 1.7071592999748137 1.6476263010256933 1.5889137168566074
2.5420384022765594 2.653809213674605 2.7720231915957436 2.896275837591138 3.026017569070403 3.160617231274226 3.299445499810579 3.4419787964964152 3.587927107638237 3.7373945753169235 3.891092134512854 4.050642135150811 4.219059766106526 4.401605292594495 4.607506566190999 4.854077343321831 5.179268015836774 5.700689367721988 0.0 0.0 0.0 0.0 0.0 0.0 0.0 0.0 0.0 0.0 0.0 0.0 0.0 0.0 0.0 5.700689367722009 5.179268015836793 4.854077343321831 4.607506566190999 4.401605292594492 4.2190597661065254 4.050642135150813 3.8910921345128546 3.737394575316924 3.5879271076382366 3.4419787964964157 3.29944549981058 3.1606172312742262 3.0260175690704045 2.8962758375911375 2.772023191595744 2.6538092136746054 2.5420384022765594 2.4369269809421152 2.33848035563263 2.2464907034926647 2.1605529768048726 2.0800964041257677 2.004427650555713 1.9327813327261918 1.8643736135881623 1.7984550551008358 1.7343596368127727 1.6715476830885172 1.6096412255640091 1.5484509459103586
2.5160727411279282 2.6259094673639494 2.7415978248803157 2.862697219303853 2.9886169560103446 3.1186747118700193 3.25217277882154 3.3884916643353753 3.527202415455839 3.66820252943617 3.811886529315927 3.9593735097288425 4.112835713225208 4.276018634051744 4.455154253290568 4.660774230728572 4.9119361330161055 5.248721043380467 5.78922548614206 0.0 0.0 0.0 0.0 0.0 5.240207151719279 5.143390483129616 5.240207151719279 0.0 0.0 0.0 0.0 0.0 5.78922548614206 5.248721043380454 4.91193613301612 4.6607742307285704 4.455154253290568 4.276018634051745 4.112835713225209 3.959373509728844 3.811886529315927 3.6682025294361726 3.527202415455839 3.388491664335375 3.252172778821541 3.1186747118700198 2.988616956010346 2.862697219303853 2.7415978248803166 2.62590946736395 2.5160727411279287 2.412338415680408 2.3147470960737353 2.2231279705294815 2.137115128920165 2.056178744078546 1.9796674986168024 1.9068581695757987 1.8370082897952513 1.7694082200146426 1.7034296508881874 1.638568345700623 1.5744796825402352 1.511006146223387
2.4930997383656837 2.601378428867768 2.71502477820212 2.833575010718679 2.956413894001372 3.0828304035552154 3.21209021162363 3.343524301576774 3.4766344715831368 3.6112193577667813 3.747529549533608 3.8864688663149902 4.029874297283841 4.180937529565358 4.344896936448893 4.530288073594507 4.751478383634892 5.034641378318441 5.43534270740832 0.0 0.0 0.0 0.0 5.031891620159651 4.804450898091431 4.7342676343282895 4.804450898091431 5.031891620159598 0.0 0.0 0.0 0.0 5.43534270740829 5.034641378318442 4.7514783836349075 4.530288073594503 4.344896936448893 4.180937529565361 4.029874297283839 3.8864688663149924 3.747529549533608 3.6112193577667813 3.476634471583136 3.3435243015767746 3.2120902116236305 3.082830403555216 2.9564138940013724 2.833575010718679 2.71502477820212 2.601378428867769 2.4930997383656837 2.3904632902610805 2.293535380320653 2.2021733336062312 2.116041815918151 2.0346435628539483 1.957361064731605 1.8835052819701608 1.8123674600530841 1.7432705020412054 1.6756170086678033 1.6089318550794796 1.5428978942770648 1.4773839489679796
2.4734988208790427 2.5805512470924152 2.6925851677358708 2.8091224446673855 2.9295341565456163 3.053094863841286 3.1790534310525955 3.306719822102786 3.4355687736579363 3.565364173774649 3.6963130657001746 3.8292670900242953 3.966005659201234 4.109668470345688 4.265479526996248 4.442092917579846 4.654442109201671 4.930970068435407 5.338230588042492 0.0 0.0 0.0 0.0 4.927795833548579 4.683338093307197 4.609181517472442 4.683338093307197 4.927795833548579 0.0 0.0 0.0 0.0 5.338230588042459 4.930970068435396 4.654442109201678 4.442092917579841 4.265479526996248 4.109668470345688 3.966005659201234 3.8292670900242953 3.6963130657001755 3.5653641737746504 3.435568773657936 3.306719822102786 3.179053431052596 3.0530948638412863 2.929534156545617 2.8091224446673855 2.692585167735871 2.5805512470924157 2.4734988208790427 2.3717185520111888 2.2752951643468022 2.184106969282563 2.097842000871334 2.0160282614724094 1.9380747239621097 1.8633192845540865 1.7910798495927462 1.72070511077701 1.6516221914357814 1.583379081655927 1.5156804815473752 1.4484162297911656
2.457687098276052 2.5638133472155396 2.674626112837274 2.7896387746070164 2.908215493937769 3.0296249208172714 3.1531105515603404 3.277977449238804 3.403696720311582 3.5300324515757526 3.6572017421250487 3.7860892720952126 3.918558980915596 4.057950982365792 4.209962199424018 4.384417495818199 4.599479133160596 4.8945083760434605 5.392890544240173 0.0 0.0 0.0 0.0 0.0 4.75379458665339 4.655250052866808 4.75379458665339 0.0 0.0 0.0 0.0 0.0 5.392890544240132 4.894508376043462 4.599479133160604 4.3844174958181945 4.209962199424018 4.057950982365792 3.9185589809155936 3.7860892720952117 3.657201742125049 3.530032451575754 3.403696720311582 3.277977449238804 3.1531105515603404 3.029624920817272 2.90821549393777 2.7896387746070164 2.6746261128372746 2.56381334721554 2.4576870982760526 2.356548542861565 2.260495214150724 2.169420540134445 2.083029741265068 2.0008696335198537 1.9223690551280175 1.846886195979984 1.7737590967618757 1.702355944433151 1.632122402234522 1.5626239308693013 1.4935817455945832 1.4249016029439086
2.4460606405666585 2.551539011992408 2.661495775865622 2.7754396300459225 2.8927317096340155 3.0126391739472758 3.134405673265969 3.2573387313955764 3.3809159978976506 3.5049161108478355 3.629586869579074 3.755876580362673 3.885781366702561 4.0229224051388135 4.173624736398624 4.349245970367342 4.5722985633195 4.898494535807685 5.575738098021303 0.0 0.0 0.0 0.0 0.0 0.0 0.0 0.0 0.0 0.0 0.0 0.0 0.0 5.5757380980212385 4.898494535807685 4.572298563319508 4.34924597036734 4.173624736398624 4.022922405138814 3.8857813667025605 3.755876580362674 3.6295868695790747 3.504916110847835 3.38091599789765 3.2573387313955764 3.1344056732659684 3.012639173947276 2.8927317096340164 2.7754396300459225 2.661495775865622 2.5515390119924084 2.446060640566659 2.345368327703371 2.2495679732510925 2.1585631792182256 2.072070925791216 1.9896510237938045 1.9107461073081526 1.834728501988428 1.7609502931638168 1.6887932703928985 1.6177160259307888 1.5472961921064603 1.4772664821834876 1.4075437430788105
2.4389432366535453 2.5440380321154303 2.6534872879516604 2.7667974280157535 2.8833285173023917 3.002347888842057 3.1231008535227813 3.244898771158897 3.367226862921263 3.4898783066172196 3.613128927805942 3.737981844967221 3.86654305801575 4.002663099011517 4.153178200503519 4.330713377276379 4.56154750866715 4.917317091117196 0.0 0.0 0.0 0.0 0.0 0.0 0.0 0.0 0.0 0.0 0.0 0.0 0.0 0.0 0.0 4.91731709111718 4.561547508667158 4.330713377276379 4.153178200503519 4.0026630990115155 3.86654305801575 3.7379818449672206 3.613128927805943 3.489878306617221 3.3672268629212625 3.2448987711588964 3.1231008535227813 3.0023478888420576 2.883328517302392 2.7667974280157535 2.6534872879516604 2.544038032115431 2.4389432366535457 2.3385140651170317 2.242861133060751 2.151893903472769 2.0653362093644176 1.982755482332979 1.9036024756588117 1.827257849708865 1.7530819768950543 1.680464672283266 1.6088721507258923 1.5378892128000872 1.467255336748274 1.396893894824796
2.436546298380314 2.541514061027032 2.6507951216527257 2.7638952338030567 2.8801742282716574 2.998899672018238 3.1193176889537657 3.2407413099255296 3.3626588899072147 3.484869432532941 3.6076597406184248 3.732054071776779 3.8602004134328154 3.9960366607367384 4.146594433654075 4.3249893788080485 4.55900248161556 4.927115748739302 0.0 0.0 0.0 0.0 0.0 0.0 0.0 0.0 0.0 0.0 0.0 0.0 0.0 0.0 0.0 4.92711574873925 4.559002481615576 4.324989378808043 4.146594433654075 3.9960366607367375 3.8602004134328163 3.732054071776781 3.6076597406184243 3.4848694325329417 3.362658889907214 3.24074130992553 3.1193176889537666 2.9988996720182386 2.8801742282716583 2.7638952338030567 2.650795121652726 2.5415140610270326 2.436546298380314 2.3362040981968204 2.240599598059373 2.1496441746145907 2.06306391163824 1.9804287517294994 1.9011921280679995 1.8247374544747432 1.7504278418956976 1.67765575711656 1.6058899323608942 1.5347175338633356 1.4638802709482002 1.3933036675784483
2.4389432366535453 2.544038032115431 2.6534872879516604 2.7667974280157535 2.8833285173023917 3.002347888842057 3.1231008535227813 3.244898771158897 3.367226862921264 3.4898783066172196 3.6131289278059424 3.7379818449672206 3.866543058015749 4.0026630990115155 4.153178200503519 4.33071337727638 4.56154750866715 4.917317091117196 0.0 0.0 0.0 0.0 0.0 0.0 0.0 0.0 0.0 0.0 0.0 0.0 0.0 0.0 0.0 4.917317091117198 4.56154750866716 4.330713377276379 4.153178200503519 4.0026630990115155 3.86654305801575 3.737981844967221 3.613128927805942 3.4898783066172205 3.3672268629212634 3.244898771158897 3.1231008535227813 3.0023478888420576 2.883328517302392 2.7667974280157535 2.653487287951661 2.5440380321154312 2.4389432366535457 2.3385140651170317 2.242861133060751 2.151893903472769 2.065336209364418 1.982755482332979 1.903602475658812 1.8272578497088647 1.7530819768950543 1.6804646722832657 1.6088721507258923 1.5378892128000872 1.4672553367482744 1.396893894824796
2.4460606405666585 2.551539011992408 2.6614957758656215 2.7754396300459225 2.892731709634016 3.0126391739472758 3.134405673265968 3.2573387313955764 3.38091599789765 3.5049161108478346 3.6295868695790743 3.755876580362673 3.885781366702562 4.022922405138813 4.173624736398621 4.349245970367342 4.5722985633195 4.898494535807685 5.575738098021303 0.0 0.0 0.0 0.0 0.0 0.0 0.0 0.0 0.0 0.0 0.0 0.0 0.0 5.5757380980212385 4.898494535807687 4.572298563319508 4.34924597036734 4.173624736398621 4.0229224051388135 3.885781366702561 3.755876580362674 3.629586869579074 3.5049161108478355 3.38091599789765 3.2573387313955764 3.134405673265969 3.0126391739472758 2.892731709634016 2.7754396300459225 2.6614957758656224 2.5515390119924084 2.446060640566659 2.3453683277033703 2.2495679732510925 2.1585631792182256 2.072070925791216 1.9896510237938045 1.9107461073081526 1.834728501988428 1.7609502931638163 1.6887932703928985 1.6177160259307886 1.5472961921064603 1.4772664821834876 1.4075437430788102
