test/standards/AN_nsd_trans_Synth.asc
ncols         101
nrows         101
xllcorner     0.0
yllcorner     0.0
cellsize      1
NODATA_value  -9999.
[rows 18 to 35 of 101, columns 41 to 81 of 101]
0.027747488130421133 0.03653992326974946 0.04695355928473334 0.059007419072004366 0.07263923908639074 0.08769275071040854 0.10391238420054424 0.12094800992934157 0.13837106240179128 0.15570148463514516 0.17244278486827133 0.18812068846867291 0.20231994832120717 0.21471415813718464 0.22508482807082203 0.23332810827954228 0.2394497770602805 0.2435508861855128 0.2458074431878004 0.24644766013417999 0.24572979100010622 0.2439227053207772 0.2412903886508767 0.2380807257388517 0.2345183144592728 0.2308006958436211 0.22709723198867368 0.22354985992158205 0.2202750355294813 0.21736630849203262 0.2148971029260498 0.2129233992765875 0.21148611171610443 0.21061302994951125 0.21032024704480412 0.21061302994951125 0.21148611171610443 0.2129233992765875 0.21489710292604985 0.2173663084920326 0.2202750355294813
0.027546707218427988 0.03608246317244736 0.0461811274914956 0.057860061145950686 0.07105913766299049 0.0856288499923388 0.10132542411999768 0.11781535666356557 0.13469060959912282 0.15149392897239014 0.16775177401363323 0.1830106721091539 0.19687195718921185 0.20902008970192124 0.2192410394916413 0.22742915973815064 0.2335830409773108 0.23779249579141915 0.240219773448728 0.2410782836085984 0.24061167377890524 0.23907531692043055 0.23672138429793538 0.23378789716697745 0.2304915711322342 0.22702391172963823 0.223549859921582 0.22020826923649045 0.21711356722021338 0.2143580669206766 0.21201451692171208 0.21013859143470187 0.20877111569784496 0.20793989386244627 0.20766105823221626 0.20793989386244627 0.20877111569784496 0.21013859143470187 0.21201451692171208 0.21435806692067658 0.21711356722021335
0.02714284082093886 0.03545098054681696 0.045272652510904454 0.056624060599841874 0.06944713568493774 0.08359831449537272 0.0988439750913965 0.11486478573344971 0.1312701107896607 0.14762196727951415 0.16346617994812512 0.17836682408255555 0.1919392375155059 0.20387709109182156 0.21397018303939874 0.22211142329172312 0.22829339504070728 0.23259644715665656 0.23517118609639198 0.23621843822970526 0.2359693775634009 0.23466779592532647 0.23255567431579904 0.22986247750751893 0.22679803872252965 0.22354855323463838 0.22027503552948124 0.21711356722021338 0.21417672153599515 0.21155565179889116 0.2093224448336442 0.20753244653688674 0.20622635622555377 0.20543195588779994 0.20516539114858307 0.20543195588779994 0.20622635622555374 0.20753244653688674 0.2093224448336442 0.21155565179889116 0.21417672153599507
0.026642992622266715 0.03475558195289047 0.04434079432408551 0.05541404181888353 0.06791912226734965 0.08171753640842694 0.09658417338115627 0.11221149309989627 0.12822327875500966 0.14419747634108515 0.1596959004340558 0.17429711656202143 0.1876280428814224 0.19938999570326882 0.20937599423501818 0.21747782338194138 0.22368316214047368 0.22806457380962017 0.23076304051091678 0.23196894334274532 0.2319030596073411 0.23079948706833397 0.22889163801124965 0.2264017463204848 0.22353379629442938 0.22046944070503982 0.21736630849203256 0.2143580669206766 0.2115556517988912 0.2090491716272302 0.20691009744416236 0.2051934508062356 0.2039397880494767 0.2031768463780357 0.2029207671010716 0.20317684637803568 0.2039397880494767 0.20519345080623558 0.2069100974441624 0.20904917162723013 0.21155565179889116
0.026131336256778673 0.034082359527181985 0.043473148208305196 0.0543185838559707 0.06656406517238807 0.08007524561413226 0.09463390921524606 0.10994201321726751 0.12563491658331533 0.14130333065240083 0.15652187490754654 0.1708807219991315 0.18401607988922247 0.19563542073619555 0.2055343906027342 0.2136039261424811 0.21982782480461427 0.22427244222939116 0.2270710531926472 0.22840564318198003 0.22848860320062564 0.2275461829748665 0.2258048309728372 0.22348087974830066 0.22077351759576214 0.2178606521915792 0.2148971029260498 0.21201451692171208 0.20932244483364426 0.20691009744416242 0.20484840384978165 0.2031920881890864 0.20198156455269253 0.20124451536435617 0.20099706750429053 0.2012445153643561 0.20198156455269253 0.2031920881890864 0.20484840384978165 0.2069100974441624 0.2093224448336442
0.02567214391601222 0.03349674612890813 0.04273594822630897 0.05340428692536882 0.06544844548969171 0.07873730629862136 0.09305796634977807 0.10811966953917071 0.12356663470512133 0.13899933084362073 0.15400216083633306 0.16817416860280773 0.18115867182003054 0.1926678692274991 0.20249944651136012 0.21054372844612226 0.21678157899464037 0.2212746315571188 0.22415027588225855 0.22558406714641432 0.22578195435701395 0.22496414077748045 0.22335169282783296 0.22115636666116806 0.21857361724962043 0.21577842430682612 0.21292339927658746 0.2101385914347019 0.20753244653688674 0.2051934508062356 0.20319208818908638 0.20158283148007497 0.20040596827003343 0.19968912693916988 0.19944841625629306 0.19968912693916988 0.20040596827003343 0.20158283148007494 0.2031920881890864 0.20519345080623558 0.20753244653688674
0.025312465726891165 0.03304644938475415 0.04217726982015044 0.05271925162202058 0.06462001422087675 0.0777507431333211 0.09190230096216401 0.10678908017639452 0.12206154907050754 0.1373270531549344 0.1521768880404248 0.1662163497930682 0.179093772302009 0.1905246978431027 0.20030826776805888 0.20833439651375768 0.21458189997590202 0.2191090971262859 0.22203923495850447 0.223543331236626 0.22382277910523724 0.22309349600793926 0.22157272443097212 0.21946896066730465 0.2169749928035443 0.214263702165074 0.21148611171610443 0.20877111569784498 0.2062263562255538 0.2039397880494767 0.2019815645526925 0.20040596827003343 0.1992531878979668 0.1985508070411366 0.1983149178059636 0.1985508070411366 0.1992531878979668 0.20040596827003343 0.20198156455269253 0.2039397880494767 0.20622635622555374
0.025084308459492444 0.03276381861139875 0.04182959337493056 0.052295843135240994 0.0641107557750801 0.07714689665173097 0.09119737524345478 0.10597965001530611 0.1211479067599109 0.13631357917177173 0.15107206004738288 0.16503236279602113 0.17784580613317708 0.18922992548601106 0.1989847352917079 0.2069999147475214 0.2132530702042542 0.217800555901627 0.22076315808246078 0.22230919495165707 0.2226373449994229 0.2219609680286946 0.22049502088698117 0.21844604804347262 0.21600523777031744 0.2133442098847439 0.21061302994951125 0.20793989386244627 0.20543195588779997 0.20317684637803574 0.2012445153643561 0.1996891269391699 0.1985508070411366 0.19785710993058944 0.1976241162182902 0.19785710993058944 0.1985508070411366 0.19968912693916988 0.2012445153643561 0.20317684637803568 0.20543195588779994
0.02500623009646359 0.03266756778684443 0.04171166038905376 0.052152682339700385 0.06393901206252638 0.07694367444867314 0.09096052578218158 0.10570804260431418 0.12084164445784952 0.13597412143811144 0.15070222563547642 0.16463620390245204 0.17742836574342638 0.18879690881399983 0.1985421385432464 0.20655365756786015 0.21280867230864736 0.2173628861277919 0.22033626922225863 0.22189624381823336 0.22224058672678965 0.2215818075728165 0.22013410283352738 0.2181033671010272 0.21568025546938957 0.21303596687266257 0.2103202470448041 0.20766105823221626 0.20516539114858307 0.20292076710107165 0.20099706750429047 0.19944841625629306 0.1983149178059636 0.1976241162182902 0.19739208802178715 0.1976241162182902 0.1983149178059636 0.19944841625629306 0.20099706750429053 0.2029207671010716 0.20516539114858307
0.025084308459492458 0.03276381861139874 0.04182959337493057 0.05229584313524101 0.0641107557750801 0.07714689665173097 0.09119737524345478 0.10597965001530611 0.1211479067599109 0.13631357917177173 0.1510720600473829 0.16503236279602113 0.17784580613317713 0.18922992548601109 0.1989847352917079 0.20699991474752144 0.21325307020425424 0.217800555901627 0.2207631580824608 0.22230919495165707 0.22263734499942292 0.22196096802869464 0.2204950208869812 0.21844604804347262 0.21600523777031744 0.2133442098847439 0.21061302994951125 0.20793989386244627 0.2054319558878 0.20317684637803576 0.2012445153643561 0.1996891269391699 0.1985508070411366 0.19785710993058944 0.1976241162182902 0.19785710993058944 0.1985508070411366 0.19968912693916988 0.20124451536435617 0.2031768463780357 0.20543195588779994
0.02531246572689118 0.033046449384754165 0.04217726982015044 0.052719251622020596 0.06462001422087676 0.07775074313332112 0.09190230096216401 0.10678908017639452 0.12206154907050756 0.1373270531549344 0.15217688804042484 0.16621634979306824 0.17909377230200904 0.19052469784310272 0.2003082677680589 0.2083343965137577 0.21458189997590202 0.21910909712628596 0.22203923495850447 0.22354333123662606 0.22382277910523724 0.22309349600793932 0.22157272443097215 0.21946896066730465 0.2169749928035443 0.214263702165074 0.21148611171610443 0.20877111569784498 0.2062263562255538 0.2039397880494767 0.2019815645526925 0.20040596827003343 0.19925318789796687 0.1985508070411366 0.1983149178059636 0.1985508070411366 0.1992531878979668 0.20040596827003343 0.20198156455269253 0.2039397880494767 0.20622635622555377
0.025672143916012233 0.03349674612890814 0.04273594822630898 0.05340428692536883 0.06544844548969173 0.07873730629862138 0.09305796634977809 0.10811966953917071 0.12356663470512134 0.1389993308436208 0.15400216083633306 0.16817416860280773 0.18115867182003054 0.19266786922749912 0.20249944651136015 0.2105437284461223 0.21678157899464046 0.22127463155711882 0.22415027588225855 0.22558406714641435 0.22578195435701398 0.22496414077748045 0.223351692827833 0.22115636666116809 0.21857361724962043 0.21577842430682614 0.2129233992765875 0.21013859143470193 0.2075324465368868 0.20519345080623563 0.20319208818908638 0.20158283148007497 0.20040596827003343 0.1996891269391699 0.19944841625629306 0.1996891269391699 0.20040596827003343 0.20158283148007497 0.2031920881890864 0.2051934508062356 0.20753244653688674
0.02613133625677866 0.03408235952718197 0.04347314820830517 0.05431858385597069 0.06656406517238803 0.08007524561413223 0.09463390921524603 0.10994201321726746 0.12563491658331527 0.14130333065240078 0.15652187490754646 0.17088072199913143 0.18401607988922244 0.1956354207361955 0.2055343906027342 0.21360392614248108 0.21982782480461427 0.22427244222939108 0.22707105319264714 0.22840564318197998 0.22848860320062564 0.22754618297486642 0.22580483097283716 0.2234808797483006 0.2207735175957621 0.21786065219157918 0.21489710292604974 0.21201451692171208 0.20932244483364426 0.2069100974441624 0.2048484038497816 0.20319208818908638 0.2019815645526925 0.2012445153643561 0.2009970675042905 0.2012445153643561 0.2019815645526925 0.20319208818908638 0.20484840384978165 0.20691009744416236 0.2093224448336442
0.02664299262226673 0.03475558195289048 0.04434079432408555 0.05541404181888354 0.06791912226734967 0.08171753640842698 0.0965841733811563 0.1122114930998963 0.1282232787550097 0.14419747634108518 0.15969590043405585 0.1742971165620215 0.18762804288142246 0.19938999570326882 0.20937599423501824 0.21747782338194138 0.2236831621404737 0.2280645738096202 0.2307630405109168 0.23196894334274532 0.23190305960734114 0.23079948706833397 0.22889163801124968 0.22640174632048482 0.22353379629442943 0.22046944070503985 0.2173663084920326 0.21435806692067663 0.21155565179889121 0.2090491716272302 0.2069100974441624 0.20519345080623563 0.2039397880494767 0.20317684637803576 0.20292076710107165 0.20317684637803574 0.2039397880494767 0.2051934508062356 0.20691009744416242 0.2090491716272302 0.21155565179889116
0.027142840820938888 0.03545098054681699 0.04527265251090447 0.0566240605998419 0.0694471356849378 0.08359831449537275 0.09884397509139656 0.11486478573344977 0.13127011078966075 0.1476219672795142 0.16346617994812518 0.1783668240825556 0.19193923751550593 0.20387709109182164 0.2139701830393988 0.22211142329172315 0.22829339504070736 0.2325964471566566 0.23517118609639207 0.23621843822970529 0.23596937756340092 0.2346677959253265 0.23255567431579907 0.22986247750751898 0.2267980387225297 0.2235485532346384 0.2202750355294813 0.2171135672202134 0.21417672153599515 0.21155565179889121 0.20932244483364426 0.2075324465368868 0.2062263562255538 0.2054319558878 0.20516539114858307 0.20543195588779997 0.2062263562255538 0.20753244653688674 0.20932244483364426 0.2115556517988912 0.21417672153599512
0.027546707218427988 0.03608246317244736 0.04618112749149561 0.057860061145950714 0.07105913766299049 0.08562884999233882 0.10132542411999769 0.11781535666356557 0.13469060959912282 0.15149392897239017 0.16775177401363323 0.18301067210915395 0.19687195718921197 0.20902008970192124 0.21924103949164142 0.22742915973815064 0.2335830409773108 0.23779249579141915 0.24021977344872805 0.2410782836085984 0.2406116737789053 0.2390753169204306 0.23672138429793543 0.2337878971669775 0.23049157113223423 0.22702391172963826 0.22354985992158202 0.22020826923649042 0.2171135672202134 0.21435806692067663 0.21201451692171208 0.21013859143470193 0.20877111569784498 0.20793989386244627 0.20766105823221626 0.20793989386244627 0.20877111569784498 0.2101385914347019 0.21201451692171208 0.2143580669206766 0.21711356722021338
0.02774748813042112 0.03653992326974943 0.046953559284733326 0.059007419072004325 0.07263923908639074 0.0876927507104085 0.1039123842005442 0.12094800992934153 0.13837106240179123 0.1557014846351451 0.17244278486827128 0.18812068846867286 0.20231994832120714 0.21471415813718456 0.225084828070822 0.23332810827954215 0.23944977706028037 0.24355088618551268 0.24580744318780035 0.24644766013417996 0.24572979100010617 0.24392270532077714 0.24129038865087665 0.23808072573885164 0.2345183144592727 0.230800695843621 0.22709723198867365 0.223549859921582 0.2202750355294813 0.2173663084920326 0.21489710292604974 0.2129233992765875 0.21148611171610443 0.21061302994951125 0.2103202470448041 0.21061302994951125 0.21148611171610443 0.21292339927658746 0.2148971029260498 0.21736630849203256 0.22027503552948124
0.02761202605589322 0.03668571669587446 0.04744826783734771 0.05992105248865988 0.07403974756401051 0.08964061228584164 0.1064546740836708 0.12411267708475116 0.1421622785398559 0.16009690054165227 0.17739329869718648 0.19355293226125084 0.20814122540357688 0.22081913978549378 0.23136305385214473 0.2396712878230831 0.2457580489201596 0.24973748286473663 0.2518015475645805 0.25219553513878323 0.25119447103738246 0.24908264063572857 0.24613744656680203 0.24261790372219616 0.23875743950961187 0.2347602972472702 0.23080069584362103 0.22702391172963826 0.2235485532346384 0.22046944070503985 0.21786065219157916 0.21577842430682612 0.214263702165074 0.2133442098847439 0.21303596687266257 0.2133442098847439 0.214263702165074 0.21577842430682612 0.21786065219157924 0.22046944070503985 0.22354855323463838
