test/standards/AN_NSD_Synth.asc
ncols         101
nrows         101
xllcorner     0.0
yllcorner     0.0
cellsize      1
NODATA_value  -9999.
[rows 69 to 91 of 101, columns 0 to 50 of 101]
2.5420384022765594 2.4369269809421157 2.338480355632631 2.2464907034926656 2.1605529768048726 2.080096404125768 2.004427650555714 1.9327813327261916 1.8643736135881628 1.7984550551008358 1.734359636812773 1.6715476830885176 1.6096412255640096 1.5484509459103588 1.487994232325448 1.4285040229159907 1.3704280219639076 1.3144176213995986 1.2613055472737782 1.212071052041084 1.1677916398412218 1.1295811575039487 1.098515890460943 1.0755531155482196 1.0614499201558367 1.0566928831071867 1.0614499201558367 1.0755531155482196 1.098515890460943 1.1295811575039485 1.1677916398412214 1.2120710520410838 1.2613055472737782 1.314417621399599 1.3704280219639078 1.4285040229159904 1.487994232325448 1.548450945910359 1.6096412255640093 1.6715476830885174 1.7343596368127725 1.7984550551008356 1.8643736135881628 1.9327813327261913 2.004427650555714 2.080096404125768 2.1605529768048717 2.246490703492666 2.33848035563263 2.4369269809421152 2.5420384022765594
2.516072741127928 2.412338415680408 2.3147470960737353 2.2231279705294824 2.1371151289201644 2.0561787440785455 1.9796674986168026 1.9068581695757982 1.8370082897952518 1.7694082200146426 1.7034296508881868 1.6385683457006233 1.5744796825402352 1.5110061462233872 1.4481962877035737 1.386314786676072 1.3258431331089924 1.2674701341194217 1.2120710520410836 1.16067386070325 1.1144111456520118 1.0744569463825686 1.0419497292675424 1.0179058421571194 1.0031317959824149 0.9981472542699099 1.0031317959824149 1.0179058421571194 1.0419497292675421 1.0744569463825686 1.1144111456520116 1.1606738607032498 1.2120710520410838 1.2674701341194219 1.3258431331089926 1.3863147866760723 1.4481962877035737 1.5110061462233872 1.574479682540235 1.6385683457006228 1.703429650888187 1.769408220014642 1.8370082897952518 1.9068581695757978 1.979667498616802 2.0561787440785455 2.1371151289201635 2.2231279705294824 2.3147470960737353 2.4123384156804075 2.516072741127928
2.4930997383656837 2.3904632902610805 2.293535380320653 2.2021733336062317 2.11604181591815 2.0346435628539483 1.9573610647316049 1.8835052819701608 1.8123674600530841 1.7432705020412051 1.6756170086678024 1.6089318550794796 1.5428978942770646 1.4773839489679796 1.4124646057433825 1.3484314265035802 1.2857950433764391 1.2252772409938022 1.1677916398412214 1.1144111456520123 1.0663202175687265 1.0247506702097144 0.9909016613163611 0.9658480169701414 0.9504457258892184 0.9452478311250054 0.9504457258892184 0.9658480169701418 0.9909016613163611 1.0247506702097144 1.0663202175687265 1.1144111456520116 1.1677916398412214 1.2252772409938022 1.2857950433764394 1.3484314265035802 1.4124646057433825 1.4773839489679799 1.5428978942770646 1.6089318550794793 1.675617008667802 1.7432705020412045 1.8123674600530841 1.8835052819701603 1.9573610647316049 2.0346435628539483 2.11604181591815 2.2021733336062317 2.293535380320652 2.39046329026108 2.493099738365683
2.4734988208790427 2.3717185520111888 2.2752951643468027 2.1841069692825634 2.097842000871334 2.016028261472409 1.9380747239621097 1.863319284554086 1.7910798495927462 1.7207051107770097 1.651622191435781 1.583379081655927 1.5156804815473748 1.448416229791165 1.381681836724249 1.3157907302462664 1.251277650990018 1.188892223779034 1.1295811575039485 1.0744569463825688 1.0247506702097144 0.9817470147414339 0.9467015736315446 0.9207442966724368 0.9047783195279173 0.899388733616054 0.9047783195279173 0.9207442966724371 0.9467015736315444 0.9817470147414341 1.0247506702097144 1.0744569463825686 1.1295811575039485 1.1888922237790345 1.251277650990018 1.3157907302462664 1.381681836724249 1.4484162297911656 1.5156804815473743 1.5833790816559268 1.6516221914357805 1.7207051107770095 1.7910798495927462 1.8633192845540854 1.9380747239621097 2.016028261472409 2.0978420008713328 2.1841069692825634 2.2752951643468022 2.3717185520111888 2.4734988208790427
2.4576870982760526 2.356548542861565 2.260495214150724 2.169420540134445 2.0830297412650673 2.0008696335198533 1.922369055128017 1.8468861959799834 1.7737590967618757 1.702355944433151 1.6321224022345213 1.5626239308693015 1.4935817455945826 1.4249016029439086 1.3566949470276723 1.2892920269402164 1.2232464079401355 1.1593298514260544 1.098515890460943 1.0419497292675426 0.9909016613163613 0.9467015736315444 0.9106540131042625 0.8839373410461377 0.8674965110355964 0.8619452384431622 0.8674965110355964 0.8839373410461374 0.9106540131042625 0.9467015736315444 0.990901661316361 1.0419497292675421 1.098515890460943 1.1593298514260548 1.2232464079401357 1.2892920269402162 1.3566949470276723 1.4249016029439088 1.4935817455945826 1.562623930869301 1.6321224022345213 1.7023559444331509 1.7737590967618757 1.8468861959799834 1.922369055128017 2.0008696335198533 2.083029741265067 2.169420540134445 2.2604952141507235 2.3565485428615647 2.457687098276052
2.4460606405666585 2.345368327703371 2.249567973251093 2.158563179218226 2.0720709257912158 1.9896510237938043 1.9107461073081526 1.8347285019884279 1.7609502931638168 1.6887932703928983 1.617716025930788 1.5472961921064603 1.477266482183487 1.4075437430788105 1.3382505616517444 1.2697290439216455 1.202546186576966 1.1374897847698247 1.0755531155482196 1.0179058421571199 0.9658480169701419 0.9207442966724367 0.8839373410461377 0.8566435952271539 0.8398411840712637 0.8341666614904268 0.8398411840712637 0.8566435952271539 0.8839373410461374 0.9207442966724371 0.9658480169701418 1.0179058421571194 1.0755531155482196 1.1374897847698247 1.2025461865769662 1.269729043921645 1.3382505616517444 1.4075437430788105 1.4772664821834869 1.5472961921064603 1.617716025930788 1.6887932703928974 1.7609502931638168 1.8347285019884276 1.9107461073081524 1.9896510237938043 2.072070925791215 2.158563179218226 2.249567973251092 2.3453683277033703 2.4460606405666585
2.4389432366535453 2.3385140651170317 2.242861133060751 2.1518939034727693 2.065336209364417 1.9827554823329787 1.903602475658812 1.8272578497088647 1.7530819768950545 1.6804646722832655 1.6088721507258914 1.5378892128000872 1.467255336748274 1.396893894824796 1.3269340446734619 1.257724922334976 1.189841557400768 1.1240814388527016 1.0614499201558367 1.003131795982415 0.9504457258892184 0.9047783195279172 0.8674965110355964 0.8398411840712641 0.8228118783929379 0.8170599550170015 0.8228118783929379 0.8398411840712637 0.8674965110355964 0.9047783195279173 0.9504457258892184 1.0031317959824149 1.0614499201558367 1.1240814388527023 1.1898415574007684 1.2577249223349756 1.3269340446734619 1.3968938948247962 1.4672553367482735 1.537889212800087 1.6088721507258912 1.6804646722832648 1.7530819768950545 1.8272578497088638 1.9036024756588117 1.9827554823329783 2.0653362093644168 2.1518939034727693 2.24286113306075 2.3385140651170317 2.4389432366535453
2.436546298380314 2.3362040981968204 2.240599598059373 2.1496441746145907 2.06306391163824 1.9804287517294998 1.9011921280679995 1.8247374544747426 1.7504278418956976 1.6776557571165593 1.6058899323608935 1.5347175338633356 1.4638802709482002 1.3933036675784483 1.323119050301198 1.2536778820636105 1.1855578633824713 1.1195597248668667 1.0566928831071867 0.9981472542699101 0.9452478311250058 0.899388733616054 0.8619452384431625 0.834166661490427 0.8170599550170015 0.8112816168646729 0.8170599550170015 0.8341666614904268 0.8619452384431622 0.899388733616054 0.9452478311250054 0.9981472542699099 1.0566928831071867 1.1195597248668667 1.1855578633824717 1.2536778820636103 1.323119050301198 1.3933036675784485 1.4638802709482 1.5347175338633356 1.605889932360893 1.6776557571165591 1.7504278418956976 1.8247374544747423 1.9011921280679995 1.9804287517294998 2.063063911638239 2.149644174614591 2.240599598059373 2.3362040981968204 2.4365462983803137
2.4389432366535453 2.3385140651170317 2.242861133060751 2.1518939034727693 2.065336209364417 1.9827554823329787 1.903602475658812 1.8272578497088647 1.7530819768950545 1.6804646722832655 1.6088721507258914 1.5378892128000872 1.467255336748274 1.3968938948247958 1.3269340446734619 1.2577249223349758 1.189841557400768 1.1240814388527016 1.0614499201558367 1.003131795982415 0.9504457258892184 0.9047783195279172 0.8674965110355964 0.8398411840712641 0.8228118783929379 0.8170599550170015 0.8228118783929379 0.8398411840712637 0.8674965110355964 0.9047783195279173 0.9504457258892184 1.0031317959824149 1.0614499201558367 1.1240814388527023 1.1898415574007684 1.2577249223349756 1.3269340446734619 1.3968938948247966 1.4672553367482735 1.537889212800087 1.6088721507258912 1.6804646722832648 1.7530819768950545 1.8272578497088638 1.9036024756588117 1.9827554823329783 2.0653362093644168 2.1518939034727693 2.24286113306075 2.3385140651170317 2.4389432366535453
2.4460606405666585 2.3453683277033703 2.2495679732510925 2.158563179218226 2.0720709257912158 1.9896510237938043 1.9107461073081526 1.8347285019884279 1.7609502931638163 1.6887932703928983 1.617716025930788 1.5472961921064603 1.477266482183487 1.4075437430788105 1.3382505616517444 1.2697290439216455 1.202546186576966 1.1374897847698247 1.0755531155482196 1.0179058421571199 0.9658480169701419 0.9207442966724368 0.8839373410461377 0.856643595227154 0.8398411840712641 0.834166661490427 0.8398411840712641 0.8566435952271539 0.8839373410461377 0.9207442966724368 0.9658480169701414 1.0179058421571194 1.0755531155482196 1.137489784769825 1.2025461865769664 1.269729043921645 1.3382505616517444 1.4075437430788107 1.4772664821834869 1.5472961921064603 1.617716025930788 1.6887932703928974 1.7609502931638168 1.8347285019884276 1.9107461073081524 1.9896510237938043 2.072070925791215 2.158563179218226 2.2495679732510916 2.34536832770337 2.4460606405666585
2.4576870982760526 2.356548542861565 2.2604952141507244 2.169420540134445 2.0830297412650673 2.0008696335198533 1.9223690551280175 1.8468861959799836 1.7737590967618757 1.702355944433151 1.6321224022345213 1.5626239308693017 1.4935817455945828 1.4249016029439086 1.3566949470276723 1.2892920269402164 1.2232464079401355 1.1593298514260546 1.098515890460943 1.0419497292675426 0.9909016613163613 0.9467015736315444 0.9106540131042625 0.8839373410461377 0.8674965110355964 0.8619452384431625 0.8674965110355964 0.8839373410461377 0.9106540131042625 0.9467015736315446 0.9909016613163611 1.0419497292675424 1.098515890460943 1.1593298514260548 1.2232464079401357 1.2892920269402162 1.3566949470276723 1.424901602943909 1.4935817455945828 1.5626239308693013 1.6321224022345213 1.7023559444331509 1.7737590967618757 1.8468861959799834 1.922369055128017 2.0008696335198533 2.083029741265067 2.169420540134445 2.2604952141507235 2.3565485428615647 2.4576870982760526
2.4734988208790427 2.371718552011189 2.2752951643468027 2.1841069692825634 2.097842000871333 2.016028261472409 1.9380747239621097 1.8633192845540858 1.7910798495927462 1.7207051107770097 1.6516221914357807 1.5833790816559268 1.515680481547375 1.448416229791165 1.381681836724249 1.3157907302462664 1.251277650990018 1.188892223779034 1.1295811575039485 1.074456946382569 1.0247506702097147 0.9817470147414339 0.9467015736315444 0.9207442966724368 0.9047783195279172 0.899388733616054 0.9047783195279172 0.9207442966724367 0.9467015736315444 0.9817470147414339 1.0247506702097144 1.0744569463825686 1.1295811575039487 1.1888922237790343 1.251277650990018 1.3157907302462661 1.381681836724249 1.4484162297911656 1.5156804815473743 1.5833790816559268 1.6516221914357805 1.7207051107770095 1.7910798495927462 1.8633192845540851 1.9380747239621097 2.016028261472409 2.0978420008713328 2.1841069692825634 2.2752951643468022 2.3717185520111888 2.4734988208790427
2.4930997383656837 2.3904632902610805 2.2935353803206526 2.2021733336062317 2.116041815918151 2.0346435628539483 1.957361064731605 1.8835052819701603 1.8123674600530844 1.7432705020412054 1.6756170086678024 1.6089318550794798 1.5428978942770646 1.4773839489679799 1.4124646057433827 1.3484314265035806 1.2857950433764394 1.2252772409938022 1.1677916398412218 1.1144111456520123 1.0663202175687265 1.0247506702097147 0.9909016613163613 0.9658480169701419 0.9504457258892184 0.9452478311250058 0.9504457258892184 0.9658480169701419 0.9909016613163613 1.0247506702097144 1.0663202175687265 1.1144111456520118 1.1677916398412218 1.2252772409938026 1.2857950433764396 1.3484314265035804 1.4124646057433827 1.4773839489679799 1.5428978942770644 1.6089318550794793 1.6756170086678024 1.7432705020412047 1.8123674600530844 1.88350528197016 1.9573610647316044 2.0346435628539483 2.1160418159181495 2.2021733336062317 2.293535380320652 2.39046329026108 2.493099738365683
2.5160727411279282 2.4123384156804084 2.3147470960737357 2.223127970529483 2.137115128920165 2.0561787440785455 1.9796674986168026 1.9068581695757982 1.837008289795252 1.7694082200146428 1.7034296508881872 1.6385683457006233 1.5744796825402356 1.511006146223387 1.4481962877035737 1.3863147866760728 1.3258431331089926 1.2674701341194219 1.212071052041084 1.1606738607032505 1.1144111456520123 1.074456946382569 1.0419497292675426 1.0179058421571199 1.003131795982415 0.9981472542699101 1.003131795982415 1.0179058421571199 1.0419497292675426 1.0744569463825688 1.1144111456520123 1.16067386070325 1.212071052041084 1.2674701341194223 1.325843133108993 1.3863147866760723 1.4481962877035737 1.5110061462233875 1.5744796825402352 1.638568345700623 1.703429650888187 1.7694082200146422 1.837008289795252 1.906858169575798 1.9796674986168021 2.0561787440785455 2.1371151289201635 2.223127970529483 2.314747096073735 2.412338415680408 2.516072741127928
2.5420384022765594 2.4369269809421157 2.338480355632631 2.2464907034926656 2.1605529768048726 2.080096404125768 2.004427650555714 1.9327813327261916 1.8643736135881628 1.7984550551008358 1.7343596368127725 1.6715476830885176 1.6096412255640091 1.5484509459103588 1.4879942323254478 1.4285040229159907 1.3704280219639076 1.3144176213995986 1.2613055472737782 1.212071052041084 1.1677916398412218 1.1295811575039485 1.098515890460943 1.0755531155482196 1.0614499201558367 1.0566928831071867 1.0614499201558367 1.0755531155482196 1.098515890460943 1.1295811575039485 1.1677916398412214 1.2120710520410836 1.2613055472737782 1.314417621399599 1.3704280219639076 1.4285040229159904 1.4879942323254478 1.5484509459103588 1.6096412255640091 1.6715476830885176 1.7343596368127725 1.7984550551008356 1.8643736135881628 1.9327813327261913 2.004427650555714 2.080096404125768 2.1605529768048717 2.2464907034926656 2.33848035563263 2.4369269809421152 2.5420384022765594
2.570717821034655 2.4638996969702895 2.364362333269238 2.2718497138826135 2.1859073179130033 2.1059136623462433 2.031124090038102 1.960722210359907 1.8938744692933214 1.8297838326136209 1.7677393551648144 1.7071592999748137 1.6476263010256926 1.588913716856607 1.5310027372273733 1.4740899706681703 1.418585188600265 1.3650987027630248 1.3144176213995986 1.2674701341194219 1.2252772409938022 1.188892223779034 1.1593298514260546 1.1374897847698247 1.1240814388527016 1.1195597248668667 1.1240814388527016 1.1374897847698247 1.1593298514260544 1.188892223779034 1.2252772409938022 1.2674701341194217 1.3144176213995986 1.3650987027630248 1.4185851886002647 1.4740899706681698 1.5310027372273733 1.5889137168566072 1.6476263010256924 1.7071592999748135 1.7677393551648142 1.829783832613621 1.8938744692933214 1.9607222103599067 2.031124090038102 2.1059136623462433 2.185907317913002 2.2718497138826135 2.364362333269237 2.4638996969702895 2.570717821034655
2.6019970318476435 2.4930760245828307 2.3921559363759672 2.298918261025202 2.2128463303509283 2.1332564034909183 2.059341832838818 1.9902253283538471 1.9250144778256655 1.8628562637112085 1.802987185099208 1.744776555791176 1.687761437907738 1.631672367364715 1.5764494750743496 1.5222488023186114 1.4694385919034525 1.418585188600265 1.3704280219639076 1.3258431331089926 1.2857950433764394 1.251277650990018 1.2232464079401355 1.202546186576966 1.189841557400768 1.1855578633824713 1.189841557400768 1.202546186576966 1.2232464079401355 1.251277650990018 1.2857950433764391 1.3258431331089924 1.3704280219639076 1.4185851886002652 1.469438591903453 1.5222488023186114 1.5764494750743496 1.631672367364715 1.6877614379077375 1.7447765557911756 1.8029871850992079 1.8628562637112083 1.9250144778256655 1.9902253283538474 2.059341832838818 2.1332564034909183 2.2128463303509274 2.298918261025202 2.392155936375967 2.4930760245828303 2.6019970318476435
2.6359915402425966 2.5244842792148385 2.421816628458694 2.327589019663583 2.2412068330107684 2.1619102048928087 2.088818102806948 2.0209811639205655 1.9574380389339543 1.8972706745741676 1.8396549401344584 1.7839040573329898 1.7295032539656099 1.67613481206629 1.6236931670107275 1.5722899398535328 1.5222488023186114 1.4740899706681703 1.4285040229159907 1.3863147866760728 1.3484314265035806 1.3157907302462664 1.2892920269402164 1.2697290439216455 1.257724922334976 1.2536778820636105 1.257724922334976 1.2697290439216453 1.2892920269402164 1.3157907302462664 1.3484314265035802 1.386314786676072 1.4285040229159907 1.4740899706681703 1.5222488023186118 1.5722899398535324 1.6236931670107275 1.67613481206629 1.7295032539656097 1.7839040573329896 1.8396549401344586 1.8972706745741674 1.9574380389339543 2.0209811639205646 2.088818102806948 2.1619102048928087 2.241206833010767 2.327589019663583 2.421816628458694 2.5244842792148385 2.6359915402425966
2.6731108362579716 2.5584199814385906 2.4535463070376142 2.357984610172986 2.2710422348056305 2.1918662422438784 2.1194865840111574 2.052869037768963 1.9909720928532144 1.9328028218212148 1.8774678864469585 1.824216997756366 1.7724772015592374 1.7218771758559805 1.6722612565755326 1.6236931670107273 1.5764494750743496 1.5310027372273731 1.487994232325448 1.4481962877035737 1.4124646057433827 1.3816818367242492 1.3566949470276723 1.3382505616517444 1.3269340446734619 1.323119050301198 1.3269340446734619 1.3382505616517444 1.3566949470276723 1.381681836724249 1.4124646057433825 1.4481962877035737 1.487994232325448 1.5310027372273738 1.5764494750743496 1.623693167010727 1.6722612565755326 1.7218771758559812 1.7724772015592372 1.824216997756366 1.877467886446958 1.9328028218212145 1.9909720928532149 2.0528690377689625 2.1194865840111574 2.191866242243878 2.27104223480563 2.357984610172986 2.453546307037614 2.5584199814385906 2.673110836257971
2.7141241878236295 2.595502763561559 2.4878439246581734 2.3905036156198993 2.3026650580959003 2.223361069303455 2.151514976369642 2.0859928159431096 2.0256602393313483 1.9694386306073632 1.9163562501354146 1.8655915402314942 1.8165068956800396 1.7686720957119222 1.7218771758559805 1.67613481206629 1.6316723673647147 1.588913716856607 1.5484509459103588 1.511006146223387 1.4773839489679799 1.448416229791165 1.4249016029439086 1.4075437430788105 1.3968938948247958 1.3933036675784485 1.3968938948247958 1.4075437430788105 1.4249016029439086 1.448416229791165 1.4773839489679796 1.5110061462233872 1.5484509459103588 1.5889137168566072 1.6316723673647149 1.6761348120662898 1.7218771758559805 1.7686720957119222 1.8165068956800394 1.8655915402314942 1.916356250135414 1.9694386306073626 2.0256602393313488 2.08599281594311 2.151514976369642 2.223361069303455 2.3026650580959003 2.3905036156198993 2.4878439246581725 2.5955027635615586 2.7141241878236295
2.760230817475054 2.6367333229529306 2.5255533635265834 2.4258619925485916 2.336683572869903 2.2569095884978494 2.1853350539510625 2.120708575093011 2.061788376747426 2.007398070662467 1.9564775185762637 1.9081256753156826 1.861633609992631 1.8165068956800396 1.7724772015592374 1.7295032539656099 1.687761437907738 1.6476263010256926 1.6096412255640091 1.5744796825402356 1.5428978942770646 1.515680481547375 1.4935817455945828 1.477266482183487 1.467255336748274 1.4638802709482002 1.467255336748274 1.477266482183487 1.4935817455945826 1.5156804815473748 1.5428978942770646 1.5744796825402352 1.6096412255640096 1.6476263010256929 1.6877614379077381 1.7295032539656097 1.7724772015592374 1.8165068956800396 1.8616336099926307 1.9081256753156826 1.9564775185762637 2.007398070662467 2.0617883767474265 2.1207085750930106 2.1853350539510625 2.2569095884978494 2.336683572869901 2.4258619925485916 2.525553363526583 2.63673332295293 2.760230817475054
2.8131402087489836 2.6835534603627322 2.5679100139298305 2.4651303768614734 2.374032474787491 2.293330813083955 2.221664646286181 2.1576435733710926 2.0999011970148844 2.0471495520322813 1.9982290041784534 1.9521501396150238 1.9081256753156826 1.8655915402314942 1.824216997756366 1.7839040573329896 1.744776555791176 1.7071592999748137 1.6715476830885176 1.638568345700623 1.6089318550794798 1.5833790816559268 1.5626239308693017 1.5472961921064603 1.537889212800087 1.5347175338633356 1.537889212800087 1.5472961921064603 1.5626239308693015 1.583379081655927 1.6089318550794796 1.6385683457006233 1.6715476830885176 1.7071592999748137 1.744776555791176 1.7839040573329896 1.824216997756366 1.8655915402314942 1.908125675315683 1.9521501396150236 1.9982290041784527 2.047149552032281 2.0999011970148844 2.157643573371093 2.221664646286182 2.293330813083955 2.37403247478749 2.4651303768614734 2.567910013929829 2.683553460362732 2.8131402087489836
2.875172793565238 2.7379147092258216 2.61658888857067 2.5097685715838702 2.4159979913767544 2.3337662839808577 2.2615211193380786 2.1977059666362804 2.1408089371957395 2.0894142690713777 2.04225017273642 1.9982290041784534 1.9564775185762637 1.9163562501354146 1.8774678864469585 1.8396549401344584 1.802987185099208 1.7677393551648144 1.7343596368127725 1.7034296508881872 1.6756170086678024 1.6516221914357807 1.6321224022345213 1.617716025930788 1.6088721507258914 1.6058899323608935 1.6088721507258914 1.617716025930788 1.6321224022345213 1.6516221914357807 1.6756170086678026 1.703429650888187 1.734359636812773 1.7677393551648146 1.802987185099208 1.8396549401344584 1.8774678864469585 1.9163562501354146 1.9564775185762637 1.9982290041784527 2.04225017273642 2.0894142690713773 2.1408089371957395 2.1977059666362795 2.261521119338078 2.3337662839808573 2.415997991376752 2.5097685715838702 2.6165888885706696 2.737914709225821 2.8751727935652376
