test/standards/AN_NSD_Synth.asc
ncols         101
nrows         101
xllcorner     0.0
yllcorner     0.0
cellsize      1
NODATA_value  -9999.
[rows 46 to 68 of 101, columns 0 to 50 of 101]
0.0 0.0 0.0 0.0 0.0 0.0 5.548797638981153 4.782617012948356 4.3587072772682784 4.0759659640071035 3.8704431026079757 3.713092690977836 3.5881046763860898 3.485910122306516 3.4003458389612993 3.327317668756481 3.264093719688768 3.2088921231849237 3.1606172312742267 3.1186747118700193 3.0828304035552154 3.053094863841286 3.029624920817272 3.0126391739472758 3.0023478888420576 2.998899672018238 3.0023478888420576 3.0126391739472758 3.0296249208172714 3.053094863841286 3.0828304035552154 3.118674711870019 3.160617231274227 3.208892123184924 3.264093719688767 3.327317668756481 3.4003458389612993 3.4859101223065165 3.588104676386089 3.7130926909778355 3.8704431026079753 4.075965964007103 4.358707277268279 4.7826170129483545 5.548797638981149 0.0 0.0 0.0 0.0 0.0 0.0
0.0 0.0 0.0 0.0 0.0 5.490132843043845 4.709219538329296 4.276393951832761 3.987824470807904 3.7786333141710466 3.6192450384981987 3.4934447437250475 3.391307740547293 3.3063420557900245 3.2341472351307905 3.1717095788210763 3.116994427192752 3.06868786839345 3.026017569070403 2.988616956010345 2.956413894001371 2.929534156545616 2.908215493937769 2.8927317096340155 2.883328517302391 2.880174228271657 2.883328517302391 2.8927317096340155 2.9082154939377687 2.929534156545616 2.956413894001371 2.9886169560103446 3.0260175690704036 3.06868786839345 3.1169944271927523 3.171709578821076 3.2341472351307905 3.3063420557900245 3.3913077405472927 3.4934447437250475 3.6192450384981987 3.7786333141710458 3.987824470807905 4.276393951832759 4.709219538329294 5.490132843043842 0.0 0.0 0.0 0.0 0.0
0.0 0.0 0.0 0.0 5.436264034414149 4.640949269470706 4.198457661816876 3.902969622282788 3.6889582449152627 3.526466648131224 3.3989634280644507 3.296221165757389 3.211448082265025 3.1399487454537347 3.078425329659931 3.0245770569328125 2.976849173518868 2.9342608237726795 2.8962758375911393 2.8626972193038536 2.833575010718679 2.809122444667386 2.7896387746070164 2.7754396300459225 2.766797428015754 2.7638952338030567 2.766797428015754 2.775439630045923 2.7896387746070164 2.809122444667386 2.833575010718679 2.862697219303853 2.8962758375911393 2.93426082377268 2.9768491735188682 3.024577056932813 3.078425329659931 3.1399487454537347 3.211448082265025 3.296221165757389 3.3989634280644503 3.5264666481312226 3.6889582449152627 3.902969622282787 4.198457661816876 4.640949269470705 5.4362640344141395 0.0 0.0 0.0 0.0
0.0 0.0 0.0 5.391422758109751 4.5821938130583115 4.12929139203539 3.825676707337464 3.605475579059176 3.4385202583610845 3.308072381485574 3.2036737566620928 3.118278023955576 3.046919708627958 2.9860259029494367 2.9330260043081147 2.8861101932089905 2.8440659408313054 2.8061566471869193 2.772023191595745 2.741597824880316 2.71502477820212 2.6925851677358703 2.6746261128372746 2.661495775865622 2.6534872879516604 2.6507951216527257 2.6534872879516604 2.661495775865622 2.674626112837274 2.6925851677358703 2.71502477820212 2.741597824880316 2.772023191595745 2.806156647186919 2.844065940831305 2.886110193208991 2.9330260043081147 2.9860259029494367 3.0469197086279576 3.1182780239555754 3.2036737566620928 3.308072381485574 3.438520258361085 3.6054755790591755 3.825676707337463 4.129291392035389 4.582193813058308 5.391422758109752 0.0 0.0 0.0
0.0 0.0 5.359258512066553 4.536941247055006 4.073068145783784 3.760164322516442 3.532326691049248 3.359367271899651 3.224471880262111 3.117044636016085 3.0298491165173935 2.9576915267250676 2.896747097153989 2.8441835308833046 2.7979316620354617 2.7565326278753766 2.719025883960995 2.6848590691129868 2.653809213674606 2.6259094673639494 2.6013784288677684 2.5805512470924152 2.5638133472155396 2.5515390119924075 2.5440380321154303 2.541514061027032 2.5440380321154303 2.551539011992408 2.5638133472155396 2.5805512470924152 2.601378428867768 2.625909467363949 2.6538092136746063 2.6848590691129868 2.7190258839609944 2.7565326278753757 2.7979316620354617 2.8441835308833046 2.8967470971539884 2.9576915267250676 3.0298491165173935 3.1170446360160846 3.2244718802621115 3.359367271899651 3.5323266910492475 3.7601643225164416 4.073068145783782 4.536941247055006 5.35925851206655 0.0 0.0
0.0 5.342461654641158 4.508396388202995 4.033368052240569 3.710245470377294 3.473419960196628 3.292886933937053 3.1519058680054908 3.0398571193790533 2.949399710909658 2.8751727935652376 2.813140208748983 2.7602308174750534 2.7141241878236295 2.673110836257971 2.6359915402425966 2.6019970318476435 2.570717821034655 2.5420384022765594 2.516072741127928 2.493099738365683 2.4734988208790427 2.4576870982760526 2.4460606405666585 2.4389432366535453 2.4365462983803137 2.4389432366535453 2.4460606405666585 2.457687098276052 2.4734988208790427 2.493099738365683 2.5160727411279273 2.5420384022765594 2.570717821034655 2.601997031847643 2.6359915402425966 2.673110836257971 2.7141241878236295 2.7602308174750534 2.813140208748983 2.8751727935652376 2.9493997109096566 3.0398571193790533 3.1519058680054908 3.292886933937053 3.4734199601966274 3.7102454703772922 4.033368052240569 4.508396388202993 5.342461654641155 0.0
5.3424616546411565 4.498640742632361 4.012820849944886 3.6789714795558486 3.4320911341640365 3.2425633847655044 3.093881287483175 2.9755320259266766 2.8801754498489514 2.802365513781322 2.737914709225821 2.683553460362732 2.63673332295293 2.5955027635615586 2.5584199814385906 2.5244842792148385 2.4930760245828307 2.4638996969702895 2.4369269809421152 2.412338415680408 2.39046329026108 2.3717185520111888 2.3565485428615647 2.34536832770337 2.3385140651170317 2.3362040981968204 2.3385140651170317 2.3453683277033703 2.3565485428615647 2.3717185520111888 2.3904632902610796 2.4123384156804075 2.4369269809421152 2.463899696970289 2.4930760245828303 2.5244842792148376 2.5584199814385906 2.5955027635615586 2.6367333229529293 2.683553460362732 2.737914709225821 2.8023655137813215 2.8801754498489514 2.975532025926677 3.093881287483175 3.2425633847655044 3.4320911341640348 3.6789714795558486 4.012820849944884 4.498640742632358 5.342461654641155
4.508396388202994 4.012820849944886 3.668318615175197 3.4107811326008477 3.211170978363162 3.053372851485582 2.92711928618994 2.8251911005845733 2.7421574974233036 2.6737595268264926 2.6165888885706696 2.567910013929829 2.525553363526583 2.4878439246581725 2.453546307037614 2.421816628458694 2.3921559363759664 2.364362333269237 2.33848035563263 2.314747096073735 2.2935353803206526 2.2752951643468022 2.2604952141507235 2.249567973251092 2.24286113306075 2.240599598059373 2.24286113306075 2.249567973251092 2.2604952141507235 2.2752951643468022 2.293535380320652 2.314747096073735 2.33848035563263 2.3643623332692374 2.3921559363759664 2.4218166284586933 2.453546307037614 2.487843924658173 2.5255533635265826 2.567910013929829 2.616588888570669 2.673759526826492 2.7421574974233036 2.825191100584573 2.92711928618994 3.053372851485582 3.2111709783631603 3.4107811326008477 3.6683186151751963 4.012820849944884 4.508396388202993
4.0333680522405695 3.67897147955585 3.4107811326008495 3.2005004309819265 3.032547229681482 2.8970333158348174 2.7869859944815487 2.6971027968074983 2.6231502420859614 2.5616598499450283 2.5097685715838702 2.4651303768614734 2.4258619925485916 2.3905036156198993 2.357984610172986 2.327589019663583 2.2989182610252015 2.2718497138826135 2.2464907034926656 2.223127970529483 2.2021733336062317 2.1841069692825634 2.169420540134445 2.158563179218226 2.1518939034727693 2.149644174614591 2.1518939034727693 2.158563179218226 2.169420540134445 2.1841069692825634 2.202173333606232 2.2231279705294824 2.246490703492666 2.2718497138826144 2.2989182610252015 2.3275890196635824 2.357984610172986 2.390503615619899 2.4258619925485907 2.4651303768614734 2.50976857158387 2.5616598499450283 2.623150242085962 2.697102796807497 2.7869859944815483 2.8970333158348174 3.032547229681481 3.2005004309819265 3.4107811326008477 3.6789714795558486 4.033368052240569
3.7102454703772927 3.432091134164036 3.211170978363162 3.0325472296814806 2.8868261378118754 2.7673998687884342 2.6692102152436807 2.5881564642424015 2.5208036970275405 2.464238560897047 2.4159979913767526 2.3740324747874904 2.336683572869901 2.3026650580959003 2.27104223480563 2.241206833010767 2.2128463303509274 2.185907317913002 2.1605529768048717 2.1371151289201635 2.1160418159181495 2.0978420008713328 2.083029741265067 2.072070925791215 2.0653362093644168 2.063063911638239 2.0653362093644168 2.072070925791215 2.083029741265067 2.0978420008713328 2.11604181591815 2.1371151289201635 2.1605529768048717 2.185907317913003 2.212846330350928 2.241206833010767 2.27104223480563 2.3026650580959 2.336683572869902 2.37403247478749 2.4159979913767535 2.4642385608970465 2.5208036970275405 2.588156464242401 2.6692102152436803 2.7673998687884342 2.886826137811875 3.032547229681481 3.2111709783631603 3.4320911341640348 3.7102454703772922
3.473419960196628 3.2425633847655053 3.0533728514855834 2.897033315834817 2.7673998687884356 2.659765178958858 2.570269091821485 2.495612137287313 2.432921116755966 2.379691438565867 2.3337662839808577 2.293330813083955 2.2569095884978494 2.223361069303455 2.191866242243878 2.1619102048928087 2.1332564034909183 2.1059136623462433 2.080096404125768 2.0561787440785455 2.0346435628539483 2.016028261472409 2.0008696335198533 1.9896510237938043 1.9827554823329783 1.9804287517294994 1.9827554823329783 1.9896510237938043 2.0008696335198533 2.016028261472409 2.0346435628539483 2.0561787440785455 2.080096404125768 2.1059136623462438 2.1332564034909187 2.1619102048928087 2.191866242243878 2.223361069303455 2.2569095884978494 2.293330813083955 2.3337662839808577 2.379691438565867 2.432921116755966 2.4956121372873126 2.570269091821485 2.6597651789588577 2.7673998687884342 2.897033315834817 3.053372851485582 3.2425633847655044 3.4734199601966274
3.292886933937053 3.0938812874831756 2.9271192861899404 2.7869859944815483 2.669210215243681 2.5702690918214857 2.487098903209705 2.4169630944037017 2.3574024229499386 2.3062261838445783 2.261521119338078 2.221664646286182 2.1853350539510625 2.151514976369642 2.1194865840111574 2.088818102806948 2.0593418328388187 2.031124090038102 2.004427650555714 1.9796674986168021 1.9573610647316044 1.9380747239621097 1.922369055128017 1.910746107308152 1.9036024756588117 1.9011921280679995 1.9036024756588117 1.910746107308152 1.922369055128017 1.9380747239621097 1.9573610647316049 1.979667498616802 2.004427650555714 2.031124090038102 2.0593418328388187 2.088818102806948 2.1194865840111574 2.151514976369642 2.1853350539510625 2.2216646462861815 2.2615211193380778 2.306226183844578 2.357402422949939 2.4169630944037017 2.4870989032097044 2.570269091821485 2.6692102152436807 2.7869859944815483 2.92711928618994 3.093881287483175 3.292886933937053
3.1519058680054917 2.9755320259266775 2.8251911005845733 2.697102796807497 2.588156464242402 2.495612137287313 2.4169630944037017 2.3498864664482007 2.2922406435993263 2.2420848573685452 2.1977059666362795 2.157643573371093 2.1207085750930106 2.08599281594311 2.0528690377689625 2.020981163920565 1.9902253283538474 1.9607222103599067 1.9327813327261913 1.906858169575798 1.88350528197016 1.8633192845540851 1.8468861959799834 1.8347285019884276 1.8272578497088638 1.8247374544747423 1.8272578497088638 1.8347285019884276 1.8468861959799834 1.8633192845540854 1.8835052819701603 1.9068581695757978 1.9327813327261913 1.9607222103599067 1.9902253283538471 2.020981163920565 2.0528690377689625 2.08599281594311 2.1207085750930106 2.1576435733710926 2.19770596663628 2.2420848573685443 2.2922406435993263 2.3498864664482 2.4169630944037017 2.4956121372873126 2.588156464242401 2.697102796807497 2.825191100584573 2.975532025926677 3.1519058680054908
3.039857119379054 2.880175449848952 2.742157497423304 2.623150242085962 2.5208036970275414 2.432921116755966 2.357402422949939 2.2922406435993268 2.23554634854448 2.185583877589294 2.1408089371957395 2.0999011970148844 2.0617883767474265 2.0256602393313488 1.9909720928532149 1.9574380389339543 1.9250144778256655 1.8938744692933214 1.8643736135881628 1.837008289795252 1.8123674600530844 1.7910798495927462 1.7737590967618757 1.7609502931638168 1.7530819768950545 1.7504278418956976 1.7530819768950545 1.7609502931638168 1.7737590967618757 1.7910798495927462 1.8123674600530841 1.8370082897952518 1.8643736135881632 1.893874469293322 1.9250144778256661 1.9574380389339545 1.9909720928532149 2.0256602393313488 2.061788376747427 2.0999011970148844 2.1408089371957395 2.1855838775892944 2.23554634854448 2.2922406435993263 2.3574024229499386 2.432921116755966 2.5208036970275405 2.623150242085962 2.7421574974233036 2.8801754498489514 3.0398571193790533
2.949399710909657 2.802365513781322 2.6737595268264926 2.5616598499450283 2.464238560897047 2.379691438565867 2.3062261838445783 2.2420848573685452 2.1855838775892944 2.135159975120714 2.0894142690713773 2.047149552032281 2.007398070662467 1.9694386306073626 1.9328028218212145 1.8972706745741674 1.8628562637112083 1.829783832613621 1.7984550551008356 1.7694082200146422 1.7432705020412047 1.7207051107770095 1.7023559444331509 1.6887932703928974 1.6804646722832648 1.6776557571165591 1.6804646722832648 1.6887932703928974 1.7023559444331509 1.7207051107770095 1.7432705020412045 1.769408220014642 1.7984550551008356 1.8297838326136209 1.8628562637112085 1.8972706745741672 1.9328028218212145 1.9694386306073628 2.0073980706624663 2.047149552032281 2.0894142690713773 2.1351599751207138 2.1855838775892944 2.2420848573685443 2.306226183844578 2.379691438565867 2.4642385608970465 2.5616598499450283 2.673759526826492 2.8023655137813215 2.9493997109096566
2.875172793565238 2.7379147092258216 2.61658888857067 2.50976857158387 2.4159979913767544 2.3337662839808577 2.2615211193380786 2.1977059666362795 2.1408089371957386 2.0894142690713773 2.04225017273642 1.9982290041784527 1.9564775185762637 1.916356250135414 1.877467886446958 1.8396549401344586 1.8029871850992079 1.7677393551648142 1.7343596368127723 1.703429650888187 1.6756170086678024 1.6516221914357805 1.6321224022345213 1.617716025930788 1.6088721507258912 1.605889932360893 1.6088721507258912 1.617716025930788 1.6321224022345213 1.6516221914357805 1.6756170086678022 1.703429650888187 1.7343596368127725 1.7677393551648144 1.8029871850992079 1.8396549401344584 1.877467886446958 1.9163562501354146 1.9564775185762635 1.9982290041784527 2.04225017273642 2.0894142690713773 2.1408089371957386 2.19770596663628 2.2615211193380778 2.3337662839808577 2.4159979913767535 2.50976857158387 2.616588888570669 2.737914709225821 2.8751727935652376
2.8131402087489836 2.6835534603627322 2.5679100139298305 2.465130376861473 2.3740324747874904 2.293330813083955 2.2216646462861815 2.157643573371093 2.0999011970148844 2.0471495520322813 1.9982290041784527 1.9521501396150236 1.9081256753156826 1.8655915402314942 1.824216997756366 1.7839040573329896 1.7447765557911759 1.7071592999748135 1.6715476830885176 1.638568345700623 1.6089318550794793 1.5833790816559268 1.5626239308693013 1.5472961921064603 1.537889212800087 1.5347175338633356 1.537889212800087 1.5472961921064603 1.562623930869301 1.5833790816559268 1.6089318550794796 1.6385683457006228 1.6715476830885176 1.7071592999748137 1.7447765557911756 1.7839040573329892 1.824216997756366 1.8655915402314942 1.9081256753156826 1.9521501396150234 1.998229004178453 2.047149552032281 2.0999011970148844 2.1576435733710926 2.2216646462861815 2.293330813083955 2.37403247478749 2.4651303768614734 2.567910013929829 2.683553460362732 2.8131402087489836
2.760230817475054 2.6367333229529297 2.5255533635265834 2.4258619925485916 2.3366835728699025 2.25690958849785 2.185335053951063 2.1207085750930106 2.0617883767474265 2.007398070662467 1.9564775185762637 1.9081256753156826 1.8616336099926307 1.8165068956800394 1.7724772015592372 1.7295032539656097 1.6877614379077375 1.6476263010256924 1.6096412255640091 1.5744796825402352 1.5428978942770644 1.5156804815473743 1.4935817455945828 1.4772664821834869 1.4672553367482735 1.4638802709482 1.4672553367482735 1.4772664821834869 1.4935817455945826 1.5156804815473743 1.5428978942770646 1.574479682540235 1.6096412255640093 1.6476263010256926 1.6877614379077377 1.7295032539656099 1.7724772015592372 1.8165068956800394 1.8616336099926307 1.9081256753156826 1.9564775185762637 2.0073980706624663 2.061788376747427 2.1207085750930106 2.1853350539510625 2.2569095884978494 2.336683572869902 2.4258619925485916 2.5255533635265826 2.6367333229529293 2.7602308174750534
2.7141241878236304 2.5955027635615586 2.4878439246581734 2.390503615619899 2.3026650580959007 2.223361069303455 2.151514976369642 2.0859928159431105 2.0256602393313488 1.9694386306073637 1.9163562501354146 1.8655915402314942 1.8165068956800396 1.7686720957119222 1.721877175855981 1.67613481206629 1.631672367364715 1.5889137168566072 1.5484509459103588 1.5110061462233875 1.4773839489679796 1.4484162297911656 1.424901602943909 1.4075437430788107 1.3968938948247966 1.3933036675784485 1.3968938948247962 1.4075437430788102 1.4249016029439088 1.4484162297911656 1.47738394896798 1.5110061462233872 1.548450945910359 1.5889137168566074 1.6316723673647149 1.67613481206629 1.721877175855981 1.7686720957119224 1.8165068956800394 1.8655915402314942 1.9163562501354146 1.9694386306073628 2.0256602393313488 2.08599281594311 2.151514976369642 2.223361069303455 2.3026650580959 2.390503615619899 2.487843924658173 2.5955027635615586 2.7141241878236295
2.6731108362579716 2.5584199814385906 2.4535463070376142 2.357984610172986 2.2710422348056305 2.1918662422438784 2.1194865840111574 2.052869037768963 1.9909720928532144 1.9328028218212148 1.8774678864469585 1.824216997756366 1.7724772015592374 1.7218771758559805 1.6722612565755326 1.6236931670107273 1.5764494750743496 1.5310027372273731 1.487994232325448 1.4481962877035737 1.4124646057433827 1.3816818367242492 1.3566949470276723 1.3382505616517444 1.3269340446734619 1.323119050301198 1.3269340446734619 1.3382505616517444 1.3566949470276723 1.381681836724249 1.4124646057433825 1.4481962877035737 1.487994232325448 1.5310027372273738 1.5764494750743496 1.623693167010727 1.6722612565755326 1.7218771758559812 1.7724772015592372 1.824216997756366 1.877467886446958 1.9328028218212145 1.9909720928532149 2.0528690377689625 2.1194865840111574 2.191866242243878 2.27104223480563 2.357984610172986 2.453546307037614 2.5584199814385906 2.673110836257971
2.635991540242597 2.5244842792148376 2.421816628458694 2.327589019663582 2.241206833010768 2.1619102048928087 2.0888181028069486 2.0209811639205655 1.9574380389339545 1.8972706745741676 1.8396549401344584 1.7839040573329896 1.7295032539656097 1.6761348120662898 1.6236931670107269 1.5722899398535324 1.5222488023186114 1.4740899706681698 1.4285040229159902 1.3863147866760723 1.3484314265035804 1.3157907302462661 1.2892920269402162 1.269729043921645 1.2577249223349756 1.2536778820636103 1.2577249223349756 1.269729043921645 1.2892920269402162 1.3157907302462664 1.3484314265035802 1.3863147866760723 1.4285040229159904 1.4740899706681703 1.5222488023186111 1.5722899398535322 1.6236931670107269 1.6761348120662902 1.7295032539656097 1.7839040573329892 1.8396549401344584 1.8972706745741672 1.9574380389339545 2.020981163920565 2.0888181028069477 2.1619102048928087 2.2412068330107675 2.327589019663582 2.4218166284586933 2.5244842792148376 2.6359915402425966
2.6019970318476435 2.4930760245828307 2.392155936375967 2.2989182610252015 2.2128463303509283 2.1332564034909187 2.0593418328388187 1.9902253283538474 1.9250144778256657 1.862856263711208 1.802987185099208 1.744776555791176 1.6877614379077384 1.6316723673647149 1.5764494750743496 1.5222488023186118 1.469438591903453 1.4185851886002647 1.3704280219639076 1.325843133108993 1.2857950433764396 1.251277650990018 1.2232464079401357 1.2025461865769664 1.1898415574007684 1.1855578633824717 1.1898415574007684 1.2025461865769662 1.2232464079401357 1.251277650990018 1.2857950433764394 1.3258431331089926 1.3704280219639078 1.418585188600265 1.4694385919034532 1.5222488023186114 1.5764494750743496 1.6316723673647149 1.6877614379077377 1.7447765557911756 1.8029871850992076 1.8628562637112085 1.9250144778256657 1.9902253283538471 2.0593418328388187 2.1332564034909187 2.212846330350928 2.2989182610252015 2.3921559363759664 2.4930760245828303 2.601997031847643
2.570717821034655 2.4638996969702895 2.3643623332692374 2.271849713882614 2.1859073179130033 2.1059136623462438 2.031124090038102 1.960722210359907 1.8938744692933216 1.8297838326136215 1.7677393551648148 1.7071592999748137 1.647626301025693 1.5889137168566072 1.5310027372273736 1.4740899706681703 1.4185851886002652 1.3650987027630248 1.314417621399599 1.2674701341194223 1.2252772409938026 1.1888922237790343 1.1593298514260548 1.137489784769825 1.1240814388527023 1.1195597248668667 1.1240814388527023 1.1374897847698247 1.1593298514260548 1.1888922237790345 1.2252772409938022 1.2674701341194219 1.314417621399599 1.3650987027630253 1.4185851886002652 1.4740899706681703 1.5310027372273736 1.5889137168566074 1.6476263010256926 1.7071592999748137 1.7677393551648144 1.8297838326136209 1.893874469293322 1.9607222103599067 2.031124090038102 2.1059136623462433 2.185907317913003 2.271849713882614 2.3643623332692374 2.463899696970289 2.570717821034655
