test/standards/AN_NSD_Synth.asc
ncols         101
nrows         101
xllcorner     0.0
yllcorner     0.0
cellsize      1
NODATA_value  -9999.
[rows 0 to 22 of 101, columns 0 to 50 of 101]
5.3424616546411725 4.498640742632369 4.012820849944891 3.6789714795558526 3.4320911341640397 3.242563384765507 3.093881287483178 2.975532025926679 2.8801754498489536 2.8023655137813237 2.7379147092258225 2.683553460362733 2.6367333229529315 2.59550276356156 2.558419981438592 2.5244842792148394 2.493076024582832 2.4638996969702904 2.4369269809421166 2.4123384156804093 2.3904632902610814 2.37171855201119 2.356548542861566 2.3453683277033712 2.3385140651170326 2.3362040981968213 2.3385140651170326 2.3453683277033717 2.356548542861566 2.37171855201119 2.3904632902610814 2.412338415680409 2.4369269809421166 2.4638996969702904 2.4930760245828316 2.524484279214839 2.558419981438592 2.5955027635615595 2.6367333229529315 2.683553460362733 2.7379147092258225 2.8023655137813233 2.8801754498489536 2.9755320259266793 3.0938812874831774 3.242563384765507 3.432091134164038 3.6789714795558526 4.012820849944889 4.498640742632366 5.34246165464117
0.0 5.342461654641165 4.508396388202999 4.033368052240571 3.7102454703772954 3.4734199601966296 3.2928869339370546 3.151905868005492 3.0398571193790542 2.949399710909659 2.8751727935652385 2.813140208748984 2.7602308174750547 2.7141241878236304 2.673110836257972 2.635991540242597 2.601997031847644 2.5707178210346555 2.54203840227656 2.5160727411279282 2.4930997383656837 2.473498820879043 2.457687098276053 2.446060640566659 2.4389432366535457 2.436546298380314 2.4389432366535457 2.446060640566659 2.4576870982760526 2.473498820879043 2.493099738365684 2.5160727411279282 2.54203840227656 2.5707178210346555 2.601997031847644 2.6359915402425975 2.673110836257972 2.7141241878236304 2.7602308174750543 2.813140208748984 2.8751727935652385 2.949399710909658 3.0398571193790542 3.151905868005492 3.292886933937054 3.473419960196629 3.710245470377294 4.033368052240571 4.508396388202996 5.342461654641161 0.0
0.0 0.0 5.359258512066552 4.5369412470550055 4.073068145783784 3.7601643225164416 3.532326691049248 3.35936727189965 3.2244718802621106 3.117044636016085 3.0298491165173935 2.957691526725067 2.896747097153989 2.8441835308833046 2.7979316620354617 2.756532627875376 2.719025883960995 2.6848590691129868 2.6538092136746054 2.625909467363949 2.601378428867768 2.5805512470924152 2.5638133472155396 2.5515390119924075 2.5440380321154303 2.5415140610270317 2.5440380321154303 2.551539011992408 2.563813347215539 2.5805512470924152 2.601378428867768 2.6259094673639485 2.653809213674606 2.6848590691129863 2.7190258839609944 2.7565326278753752 2.7979316620354617 2.844183530883304 2.8967470971539884 2.957691526725067 3.0298491165173935 3.1170446360160846 3.224471880262111 3.359367271899651 3.5323266910492475 3.7601643225164416 4.073068145783782 4.5369412470550055 5.359258512066547 0.0 0.0
0.0 0.0 0.0 5.391422758109758 4.582193813058316 4.129291392035392 3.8256767073374656 3.6054755790591777 3.438520258361086 3.3080723814855757 3.203673756662094 3.118278023955576 3.046919708627959 2.986025902949437 2.9330260043081156 2.886110193208992 2.8440659408313063 2.8061566471869193 2.772023191595745 2.741597824880317 2.715024778202121 2.6925851677358716 2.6746261128372746 2.661495775865622 2.653487287951661 2.6507951216527266 2.653487287951661 2.661495775865622 2.6746261128372746 2.6925851677358716 2.7150247782021206 2.7415978248803166 2.7720231915957454 2.8061566471869197 2.8440659408313063 2.886110193208991 2.9330260043081156 2.9860259029494376 3.0469197086279585 3.118278023955576 3.2036737566620936 3.308072381485575 3.438520258361086 3.605475579059177 3.825676707337465 4.129291392035391 4.582193813058311 5.3914227581097585 0.0 0.0 0.0
0.0 0.0 0.0 0.0 5.4362640344141475 4.640949269470706 4.198457661816877 3.902969622282788 3.6889582449152623 3.526466648131223 3.3989634280644507 3.296221165757389 3.211448082265025 3.1399487454537343 3.078425329659932 3.0245770569328134 2.9768491735188682 2.9342608237726795 2.8962758375911397 2.8626972193038536 2.833575010718679 2.809122444667386 2.7896387746070164 2.7754396300459225 2.766797428015754 2.763895233803057 2.766797428015754 2.775439630045923 2.7896387746070164 2.809122444667386 2.833575010718679 2.862697219303853 2.8962758375911397 2.93426082377268 2.9768491735188682 3.0245770569328125 3.078425329659932 3.1399487454537343 3.2114480822650244 3.2962211657573888 3.39896342806445 3.526466648131223 3.6889582449152627 3.9029696222827868 4.198457661816875 4.640949269470704 5.4362640344141395 0.0 0.0 0.0 0.0
0.0 0.0 0.0 0.0 0.0 5.4901328430438605 4.709219538329304 4.276393951832766 3.987824470807908 3.7786333141710506 3.6192450384982013 3.4934447437250506 3.3913077405472953 3.3063420557900267 3.2341472351307927 3.1717095788210776 3.1169944271927537 3.0686878683934515 3.0260175690704054 2.9886169560103464 2.956413894001373 2.929534156545617 2.908215493937771 2.8927317096340164 2.8833285173023926 2.8801742282716583 2.8833285173023926 2.892731709634017 2.9082154939377705 2.929534156545617 2.956413894001373 2.988616956010346 3.0260175690704054 3.068687868393453 3.116994427192754 3.171709578821078 3.2341472351307927 3.3063420557900263 3.3913077405472953 3.49344474372505 3.6192450384982013 3.7786333141710498 3.987824470807909 4.276393951832764 4.7092195383293 5.490132843043859 0.0 0.0 0.0 0.0 0.0
0.0 0.0 0.0 0.0 0.0 0.0 5.548797638981159 4.782617012948361 4.358707277268281 4.075965964007106 3.8704431026079775 3.7130926909778363 3.588104676386091 3.485910122306517 3.4003458389613 3.327317668756482 3.2640937196887685 3.2088921231849246 3.160617231274227 3.1186747118700198 3.082830403555216 3.0530948638412863 3.0296249208172727 3.0126391739472766 3.002347888842058 2.998899672018239 3.002347888842058 3.0126391739472766 3.0296249208172723 3.0530948638412867 3.0828304035552163 3.1186747118700198 3.1606172312742276 3.208892123184925 3.2640937196887685 3.3273176687564816 3.4003458389613 3.485910122306517 3.588104676386091 3.713092690977836 3.8704431026079775 4.075965964007104 4.358707277268282 4.782617012948358 5.5487976389811555 0.0 0.0 0.0 0.0 0.0 0.0
0.0 0.0 0.0 0.0 0.0 0.0 0.0 5.6078361999611674 4.856727207978878 4.441127743220388 4.163369581551671 3.9606837686655414 3.804679972743295 3.6800226141677896 3.5775357543789963 3.4914008179153666 3.417830231711021 3.3543620882250513 3.29944549981058 3.2521727788215395 3.2120902116236296 3.1790534310525955 3.1531105515603404 3.1344056732659684 3.1231008535227813 3.1193176889537657 3.1231008535227813 3.1344056732659684 3.15311055156034 3.1790534310525955 3.2120902116236296 3.25217277882154 3.2994454998105804 3.3543620882250513 3.417830231711021 3.4914008179153666 3.5775357543789963 3.6800226141677896 3.804679972743295 3.9606837686655405 4.163369581551671 4.441127743220385 4.85672720797888 5.607836199961164 0.0 0.0 0.0 0.0 0.0 0.0 0.0
0.0 0.0 0.0 0.0 0.0 0.0 0.0 0.0 5.662993563348289 4.927433643722522 4.519796664241042 4.246513099320404 4.0462232899393795 3.8912994940488694 3.7669345698227272 3.6643698981184576 3.5781363849519177 3.50474360887348 3.441978796496417 3.388491664335376 3.343524301576775 3.3067198221027865 3.277977449238805 3.2573387313955764 3.244898771158897 3.2407413099255304 3.244898771158897 3.2573387313955764 3.2779774492388047 3.306719822102787 3.3435243015767755 3.3884916643353757 3.4419787964964175 3.5047436088734805 3.578136384951917 3.664369898118458 3.7669345698227272 3.8912994940488694 4.0462232899393795 4.246513099320403 4.519796664241041 4.92743364372252 5.6629935633482935 0.0 0.0 0.0 0.0 0.0 0.0 0.0 0.0
0.0 0.0 0.0 0.0 0.0 0.0 0.0 0.0 0.0 5.710480748408678 4.991180580502349 4.5914953734552375 4.322575836010875 4.124676759334219 3.9710232752131893 3.847377398194525 3.745410816643105 3.659998353223108 3.58792710763824 3.5272024154558417 3.4766344715831385 3.4355687736579377 3.4036967203115847 3.3809159978976515 3.3672268629212647 3.362658889907216 3.3672268629212647 3.3809159978976515 3.4036967203115838 3.435568773657938 3.4766344715831385 3.527202415455841 3.5879271076382406 3.6599983532231084 3.7454108166431044 3.8473773981945247 3.9710232752131893 4.1246767593342195 4.322575836010875 4.591495373455236 4.9911805805023475 5.710480748408672 0.0 0.0 0.0 0.0 0.0 0.0 0.0 0.0 0.0
0.0 0.0 0.0 0.0 0.0 0.0 0.0 0.0 0.0 0.0 5.747210842335189 5.045179259011531 4.653827454161435 4.389603424750417 4.194560116275972 4.042850900476346 3.920835202438033 3.8206161336008253 3.7373945753169253 3.6682025294361718 3.611219357766781 3.5653641737746513 3.530032451575754 3.504916110847835 3.489878306617219 3.4848694325329417 3.489878306617219 3.504916110847836 3.530032451575753 3.5653641737746504 3.611219357766781 3.6682025294361726 3.737394575316926 3.8206161336008253 3.9208352024380324 4.0428509004763455 4.194560116275972 4.389603424750418 4.653827454161435 5.045179259011531 5.747210842335185 0.0 0.0 0.0 0.0 0.0 0.0 0.0 0.0 0.0 0.0
0.0 0.0 0.0 0.0 0.0 0.0 0.0 0.0 0.0 0.0 0.0 5.770987205613342 5.087578712665857 4.7053801575692145 4.4466672365566176 4.255453731387004 4.106881397918909 3.9879208928055885 3.8910921345128564 3.8118865293159283 3.7475295495336094 3.6963130657001764 3.657201742125051 3.6295868695790756 3.613128927805943 3.6076597406184256 3.6131289278059437 3.6295868695790756 3.657201742125051 3.6963130657001755 3.74752954953361 3.8118865293159283 3.8910921345128577 3.98792089280559 4.106881397918908 4.255453731387003 4.4466672365566176 4.705380157569215 5.087578712665853 5.770987205613334 0.0 0.0 0.0 0.0 0.0 0.0 0.0 0.0 0.0 0.0 0.0
0.0 0.0 0.0 0.0 0.0 0.0 0.0 0.0 0.0 0.0 0.0 0.0 5.780672397658725 5.117634739006906 4.74590296204241 4.494060388622813 4.308221332623215 4.16455704522508 4.050642135150812 3.9593735097288447 3.8864688663149916 3.8292670900242958 3.7860892720952135 3.7558765803626737 3.7379818449672215 3.732054071776781 3.7379818449672215 3.7558765803626737 3.786089272095212 3.8292670900242958 3.886468866314992 3.959373509728843 4.050642135150815 4.16455704522508 4.308221332623216 4.494060388622812 4.74590296204241 5.117634739006909 5.780672397658717 0.0 0.0 0.0 0.0 0.0 0.0 0.0 0.0 0.0 0.0 0.0 0.0
0.0 0.0 0.0 0.0 0.0 0.0 0.0 0.0 0.0 0.0 0.0 0.0 0.0 5.776379783223677 5.13592576769498 4.776559679851258 4.533595227664148 4.355357763270294 4.219059766106526 4.11283571322521 4.0298742972838415 3.966005659201237 3.918558980915597 3.885781366702562 3.86654305801575 3.8602004134328163 3.86654305801575 3.885781366702562 3.918558980915596 3.9660056592012367 4.0298742972838415 4.112835713225209 4.219059766106529 4.355357763270295 4.533595227664149 4.77655967985126 5.13592576769498 5.776379783223677 0.0 0.0 0.0 0.0 0.0 0.0 0.0 0.0 0.0 0.0 0.0 0.0 0.0
0.0 0.0 0.0 0.0 0.0 0.0 0.0 0.0 0.0 0.0 0.0 0.0 0.0 0.0 5.759750999407614 5.144693396270561 4.800350174697489 4.569119730186556 4.401605292594497 4.276018634051747 4.1809375295653615 4.1096684703456905 4.057950982365795 4.022922405138814 4.002663099011516 3.996036660736741 4.002663099011516 4.022922405138814 4.057950982365792 4.1096684703456905 4.180937529565362 4.276018634051746 4.401605292594497 4.569119730186558 4.800350174697491 5.144693396270562 5.759750999407614 0.0 0.0 0.0 0.0 0.0 0.0 0.0 0.0 0.0 0.0 0.0 0.0 0.0 0.0
0.0 0.0 0.0 0.0 0.0 0.0 0.0 0.0 0.0 0.0 0.0 0.0 0.0 0.0 0.0 5.734429584806299 5.148454872490178 4.822897240894637 4.607506566190996 4.4551542532905675 4.34489693644889 4.265479526996248 4.2099621994240195 4.173624736398619 4.153178200503518 4.14659443365407 4.153178200503517 4.173624736398624 4.209962199424014 4.265479526996248 4.344896936448892 4.455154253290565 4.607506566190999 4.82289724089464 5.148454872490172 5.734429584806298 0.0 0.0 0.0 0.0 0.0 0.0 0.0 0.0 0.0 0.0 0.0 0.0 0.0 0.0 0.0
0.0 0.0 0.0 0.0 0.0 0.0 0.0 0.0 0.0 0.0 0.0 0.0 0.0 0.0 0.0 0.0 5.706962492202222 5.1552233822153255 4.854077343321837 4.660774230728575 4.530288073594503 4.442092917579848 4.384417495818207 4.349245970367348 4.330713377276387 4.324989378808048 4.330713377276386 4.349245970367344 4.384417495818199 4.442092917579848 4.530288073594506 4.6607742307285704 4.854077343321841 5.155223382215333 5.706962492202207 0.0 0.0 0.0 0.0 0.0 0.0 0.0 0.0 0.0 0.0 0.0 0.0 0.0 0.0 0.0 0.0
0.0 0.0 0.0 0.0 0.0 0.0 0.0 0.0 0.0 0.0 0.0 0.0 0.0 0.0 0.0 0.0 0.0 5.688718640252886 5.1792680158367785 4.911936133016102 4.751478383634901 4.6544421092016774 4.599479133160597 4.572298563319508 4.561547508667151 4.559002481615567 4.561547508667151 4.572298563319501 4.599479133160597 4.6544421092016774 4.751478383634913 4.911936133016107 5.179268015836794 5.688718640252926 0.0 0.0 0.0 0.0 0.0 0.0 0.0 0.0 0.0 0.0 0.0 0.0 0.0 0.0 0.0 0.0 0.0
0.0 0.0 0.0 0.0 0.0 0.0 0.0 0.0 0.0 0.0 0.0 0.0 0.0 0.0 0.0 0.0 0.0 0.0 5.700689367721949 5.248721043380457 5.0346413783184305 4.93097006843541 4.894508376043463 4.8984945358076715 4.917317091117182 4.9271157487392685 4.917317091117182 4.8984945358076715 4.894508376043436 4.93097006843541 5.034641378318443 5.248721043380456 5.700689367721992 0.0 0.0 0.0 0.0 0.0 0.0 0.0 0.0 0.0 0.0 0.0 0.0 0.0 0.0 0.0 0.0 0.0 0.0
0.0 0.0 0.0 0.0 0.0 0.0 0.0 0.0 0.0 0.0 0.0 0.0 0.0 0.0 0.0 0.0 0.0 0.0 0.0 5.789225486142018 5.435342707408287 5.338230588042521 5.392890544240172 5.575738098021298 0.0 0.0 0.0 5.575738098021298 5.39289054424013 5.33823058804249 5.435342707408316 5.7892254861420165 0.0 0.0 0.0 0.0 0.0 0.0 0.0 0.0 0.0 0.0 0.0 0.0 0.0 0.0 0.0 0.0 0.0 0.0 0.0
0.0 0.0 0.0 0.0 0.0 0.0 0.0 0.0 0.0 0.0 0.0 0.0 0.0 0.0 0.0 0.0 0.0 0.0 0.0 0.0 0.0 0.0 0.0 0.0 0.0 0.0 0.0 0.0 0.0 0.0 0.0 0.0 0.0 0.0 0.0 0.0 0.0 0.0 0.0 0.0 0.0 0.0 0.0 0.0 0.0 0.0 0.0 0.0 0.0 0.0 0.0
0.0 0.0 0.0 0.0 0.0 0.0 0.0 0.0 0.0 0.0 0.0 0.0 0.0 0.0 0.0 0.0 0.0 0.0 0.0 0.0 0.0 0.0 0.0 0.0 0.0 0.0 0.0 0.0 0.0 0.0 0.0 0.0 0.0 0.0 0.0 0.0 0.0 0.0 0.0 0.0 0.0 0.0 0.0 0.0 0.0 0.0 0.0 0.0 0.0 0.0 0.0
0.0 0.0 0.0 0.0 0.0 0.0 0.0 0.0 0.0 0.0 0.0 0.0 0.0 0.0 0.0 0.0 0.0 0.0 0.0 0.0 0.0 0.0 0.0 0.0 0.0 0.0 0.0 0.0 0.0 0.0 0.0 0.0 0.0 0.0 0.0 0.0 0.0 0.0 0.0 0.0 0.0 0.0 0.0 0.0 0.0 0.0 0.0 0.0 0.0 0.0 0.0
