test/standards/AN_sec_theta_Synth.asc
ncols         101
nrows         101
xllcorner     0.0
yllcorner     0.0
cellsize      1
NODATA_value  -9999.
[rows 38 to 56 of 101, columns 43 to 85 of 101]
2.0436063046997677 2.071054175647632 2.094760395084739 2.1144825454573524 2.1300239820081135 2.1412328179165177 2.148001130026598 2.1502643911672488 2.148001130026598 2.141232817916518 2.1300239820081135 2.114482545457353 2.094760395084739 2.071054175647632 2.043606304699768 2.012706191556278 1.9786916252984215 1.9419502665484225 1.9029211314910917 1.8620958891185866 1.8200196986019244 1.7772911891122518 1.7345610297201686 1.692528361814144 1.6519341966441645 1.6135507661560382 1.5781658357422028 1.5465612470108665 1.5194855604866977 1.4976216610485036 1.4815514918654251 1.471721423699416 1.4684126980006402 1.471721423699416 1.4815514918654251 1.4976216610485036 1.5194855604866981 1.5465612470108663 1.5781658357422026 1.613550766156038 1.6519341966441647 1.6925283618141445 1.7345610297201683
2.081167010497221 2.1081258964873975 2.131419834239344 2.150805856421519 2.1660866928410325 2.177109868035146 2.183766986555306 2.1859932179435417 2.183766986555306 2.1771098680351466 2.1660866928410325 2.150805856421519 2.131419834239344 2.108125896487398 2.0811670104972215 2.0508329065290227 2.017461262329319 1.9814389303535929 1.943203085024475 1.9032421015849879 1.8620958891185866 1.8203552861651329 1.7786599907787863 1.7376943495674293 1.698180198629021 1.6608658801769751 1.6265106215691263 1.5958637434722012 1.5696387372579954 1.5484831405653017 1.5329462547728046 1.5234478481225202 1.5202517056799576 1.52344784812252 1.5329462547728043 1.5484831405653017 1.5696387372579959 1.595863743472201 1.626510621569126 1.660865880176975 1.6981801986290213 1.7376943495674295 1.7786599907787861
2.1177733254493827 2.144272027482472 2.16717748285457 2.1862464555534675 2.2012812844582124 2.2121290897908756 2.2186811361644194 2.2208723694301202 2.2186811361644194 2.212129089790876 2.2012812844582124 2.186246455553468 2.1671774828545702 2.144272027482472 2.117773325449383 2.0879711068176388 2.0552025879222726 2.01985345189293 1.982358686527651 1.943203085024475 1.9029211314910917 1.8620958891185864 1.821356388848758 1.7813728932824724 1.742849310588468 1.7065119994711537 1.6730942993388576 1.6433164090132197 1.6178607782821954 1.597343973293785 1.5822869374500201 1.5730864815235472 1.5699913952075715 1.5730864815235472 1.5822869374500201 1.5973439732937849 1.6178607782821957 1.6433164090132195 1.6730942993388573 1.7065119994711535 1.7428493105884681 1.7813728932824728 1.8213563888487578
2.1529110207012945 2.178982453558528 2.201526799124649 2.220300783563401 2.235106551907123 2.2457909775780918 2.252245099682535 2.2544037097135705 2.252245099682535 2.245790977578092 2.235106551907123 2.2203007835634017 2.201526799124649 2.178982453558528 2.1529110207012945 2.1236019749419683 2.091391805108397 2.056664769036495 2.01985345189293 1.9814389303535929 1.9419502665484225 1.9019629610863855 1.862095889118587 1.8230061409643468 1.7853811146337497 1.7499272011747198 1.7173545177255438 1.6883574340773508 1.6635911465789976 1.6436452701511142 1.629016254522071 1.6200811965529032 1.617076060702764 1.6200811965529032 1.629016254522071 1.643645270151114 1.6635911465789979 1.6883574340773508 1.7173545177255436 1.7499272011747193 1.78538111463375 1.8230061409643472 1.8620958891185868
2.186109689227809 2.2117898279887633 2.2340031238882907 2.2525064438910873 2.2671018963991822 2.2776362363752867 2.2840003720057953 2.2861289982520514 2.2840003720057953 2.2776362363752867 2.2671018963991822 2.252506443891088 2.234003123888291 2.2117898279887633 2.1861096892278096 2.157251737339907 2.125551550246001 2.091391805108397 2.0552025879222726 2.017461262329319 1.9786916252984215 1.939461991280858 1.9003817538986636 1.8620958891185864 1.8252768104508066 1.7906130010948227 1.7587939759479945 1.7304914144493395 1.7063367818970097 1.686896405938654 1.672645708981952 1.6639449491202845 1.6610191739942646 1.6639449491202845 1.672645708981952 1.686896405938654 1.7063367818970099 1.7304914144493393 1.7587939759479942 1.7906130010948225 1.825276810450807 1.8620958891185868 1.9003817538986634
2.2169441217221912 2.2422711496822663 2.2641854215248163 2.28244407275923 2.2968492928704833 2.3072478173687045 2.313530497924218 2.315631978996619 2.313530497924218 2.3072478173687045 2.296849292870483 2.2824440727592306 2.2641854215248167 2.2422711496822663 2.2169441217221917 2.1884927972828505 2.157251737339907 2.1236019749419683 2.0879711068176388 2.0508329065290227 2.012706191556278 1.974152598237021 1.935772836893273 1.8982009287151895 1.8620958891185864 1.8281303523525547 1.7969757692673052 1.769284092786047 1.7456663136915693 1.7266688014415554 1.7127490572989978 1.7042530502263373 1.7013965915915836 1.7042530502263373 1.7127490572989978 1.7266688014415554 1.7456663136915695 1.7692840927860467 1.796975769267305 1.8281303523525547 1.8620958891185866 1.89820092871519 1.9357728368932727
2.245034911514349 2.2700485509735455 2.2916972178115445 2.3097383965188363 2.3239744381639187 2.334252129876358 2.3404623218298437 2.342539642616846 2.3404623218298437 2.334252129876358 2.3239744381639187 2.3097383965188363 2.2916972178115445 2.2700485509735455 2.2450349115143493 2.2169441217221917 2.1861096892278096 2.1529110207012945 2.117773325449383 2.0811670104972215 2.043606304699768 2.0056467775273 1.9678813457964108 1.9309343025734644 1.8954528786946938 1.8620958891185864 1.8315191591718298 1.8043577018056614 1.7812050398079315 1.7625906118413546 1.7489567885909212 1.7406375194983699 1.7378408664084066 1.7406375194983699 1.7489567885909212 1.7625906118413543 1.7812050398079318 1.8043577018056611 1.8315191591718296 1.8620958891185864 1.8954528786946943 1.9309343025734647 1.9678813457964106
2.2700485509735455 2.2947895532348817 2.316206987292808 2.334058724670881 2.3481473248282687 2.3583196720739887 2.364466652284188 2.366522902295753 2.364466652284188 2.3583196720739887 2.3481473248282683 2.334058724670881 2.316206987292808 2.2947895532348817 2.2700485509735455 2.2422711496822663 2.2117898279887633 2.178982453558528 2.144272027482472 2.108125896487398 2.071054175647632 2.033607057930439 1.996370622152196 1.9599607013187086 1.9250143597414682 1.8921785777592959 1.8620958891185866 1.8353869853315026 1.8126307025138984 1.7943423126065252 1.780951576606484 1.7727824582120308 1.7700365947680217 1.7727824582120306 1.780951576606484 1.7943423126065252 1.8126307025138984 1.8353869853315024 1.8620958891185864 1.8921785777592957 1.9250143597414686 1.959960701318709 1.9963706221521957
2.2916972178115445 2.316206987292808 2.337428185491932 2.3551190722679687 2.369082432809427 2.3791652716949376 2.385258531923128 2.3872968733356963 2.385258531923128 2.3791652716949376 2.369082432809427 2.3551190722679687 2.337428185491932 2.316206987292808 2.2916972178115445 2.2641854215248167 2.234003123888291 2.201526799124649 2.1671774828545702 2.131419834239344 2.094760395084739 2.05774473159636 2.0209530858831 1.984994122173112 1.950496346974004 1.9180968391818156 1.8884270742129332 1.8620958891185866 1.8396700187925301 1.8216531088981274 1.808464606389962 1.8004203282823625 1.7977166798931508 1.8004203282823625 1.808464606389962 1.8216531088981274 1.8396700187925301 1.8620958891185866 1.888427074212933 1.9180968391818152 1.9504963469740042 1.9849941221731124 2.0209530858831
2.3097383965188363 2.334058724670881 2.3551190722679687 2.37267805797343 2.386538685140986 2.396548082611212 2.4025972584560042 2.4046209022768275 2.4025972584560042 2.396548082611212 2.386538685140986 2.3726780579734306 2.3551190722679687 2.334058724670881 2.3097383965188363 2.2824440727592306 2.252506443891088 2.2203007835634017 2.186246455553468 2.150805856421519 2.114482545457353 2.0778182554402607 2.041388423982231 2.005795848856517 1.971662070890234 1.939616149321175 1.910280643478505 1.884254871958826 1.8620958891185866 1.8442980701032152 1.8312726598716622 1.8233290105520183 1.8206593814863574 1.8233290105520181 1.8312726598716622 1.8442980701032152 1.8620958891185866 1.884254871958826 1.9102806434785047 1.939616149321175 1.9716620708902342 2.005795848856517 2.0413884239822306
2.3239744381639182 2.3481473248282683 2.3690824328094267 2.3865386851409855 2.4003192755465594 2.410271445533339 2.416286265165244 2.418298453986298 2.416286265165244 2.410271445533339 2.4003192755465594 2.386538685140986 2.369082432809427 2.3481473248282683 2.3239744381639187 2.296849292870483 2.2671018963991822 2.235106551907123 2.2012812844582124 2.1660866928410325 2.1300239820081135 2.0936318758384203 2.057482059813536 2.0221727710994255 1.988320157990926 1.9565470951636708 1.9274692904776838 1.9016787718714396 1.8797252004370837 1.8620958891185864 1.8491958478428745 1.8413295222763624 1.8386860287390503 1.8413295222763622 1.8491958478428745 1.8620958891185864 1.879725200437084 1.9016787718714394 1.9274692904776833 1.9565470951636705 1.9883201579909262 2.022172771099426 2.057482059813536
2.334252129876358 2.3583196720739887 2.3791652716949376 2.396548082611212 2.4102714455333394 2.4201826909856172 2.4261729393881253 2.42817693530466 2.4261729393881253 2.4201826909856177 2.410271445533339 2.396548082611212 2.3791652716949376 2.3583196720739887 2.334252129876358 2.3072478173687045 2.2776362363752867 2.245790977578092 2.212129089790876 2.1771098680351466 2.141232817916518 2.1050345004582978 2.069083913969553 2.0339760403625564 2.000323190703461 1.968743851339328 1.9398488813120363 1.9142251612544119 1.8924171436951334 1.8749071755330586 1.8620958891185866 1.854284289476538 1.8516592907101437 1.854284289476538 1.8620958891185866 1.8749071755330586 1.8924171436951336 1.9142251612544119 1.9398488813120358 1.9687438513393278 2.000323190703461 2.0339760403625564 2.069083913969553
2.3404623218298437 2.364466652284188 2.385258531923128 2.4025972584560042 2.416286265165244 2.4261729393881253 2.4321484341816078 2.43414751057087 2.4321484341816078 2.4261729393881253 2.416286265165244 2.4025972584560042 2.385258531923128 2.364466652284188 2.3404623218298437 2.313530497924218 2.2840003720057953 2.252245099682535 2.2186811361644194 2.183766986555306 2.148001130026598 2.111918824716647 2.076087454111795 2.041100048219531 2.007566621893008 1.976103040395222 1.9473172716330507 1.9217931319609585 1.9000719775377135 1.8826332066916758 1.8698748552630922 1.8620958891185866 1.8594819178862758 1.8620958891185864 1.8698748552630922 1.8826332066916758 1.9000719775377137 1.9217931319609582 1.9473172716330505 1.9761030403952218 2.007566621893008 2.0411000482195316 2.0760874541117946
2.342539642616846 2.366522902295753 2.3872968733356963 2.4046209022768275 2.4182984539862984 2.42817693530466 2.43414751057087 2.4361449465384197 2.43414751057087 2.42817693530466 2.418298453986298 2.4046209022768275 2.3872968733356963 2.366522902295753 2.342539642616846 2.315631978996619 2.2861289982520514 2.2544037097135705 2.2208723694301202 2.1859932179435417 2.1502643911672488 2.1142207121109333 2.0784290255976297 2.0434817112389556 2.0099880195327584 1.9785629440544865 1.949813492036278 1.9243224624211572 1.9026301840216857 1.885215077455222 1.8724743180272159 1.8647061960530555 1.8620958891185866 1.8647061960530555 1.8724743180272159 1.8852150774552219 1.902630184021686 1.9243224624211572 1.949813492036278 1.9785629440544863 2.009988019532759 2.0434817112389556 2.078429025597629
2.3404623218298437 2.364466652284188 2.385258531923128 2.4025972584560042 2.416286265165244 2.4261729393881253 2.4321484341816078 2.43414751057087 2.4321484341816078 2.4261729393881253 2.416286265165244 2.4025972584560042 2.385258531923128 2.364466652284188 2.3404623218298437 2.313530497924218 2.2840003720057953 2.252245099682535 2.2186811361644194 2.183766986555306 2.148001130026598 2.111918824716647 2.076087454111795 2.041100048219531 2.007566621893008 1.976103040395222 1.9473172716330507 1.9217931319609585 1.9000719775377135 1.8826332066916758 1.8698748552630922 1.8620958891185866 1.8594819178862758 1.8620958891185864 1.8698748552630922 1.8826332066916758 1.9000719775377137 1.9217931319609582 1.9473172716330505 1.9761030403952218 2.007566621893008 2.0411000482195316 2.0760874541117946
2.3342521298763574 2.3583196720739887 2.379165271694937 2.3965480826112118 2.410271445533339 2.4201826909856172 2.4261729393881253 2.42817693530466 2.4261729393881253 2.4201826909856172 2.410271445533339 2.396548082611212 2.3791652716949376 2.3583196720739887 2.334252129876358 2.3072478173687045 2.2776362363752867 2.2457909775780918 2.2121290897908756 2.177109868035146 2.1412328179165177 2.1050345004582973 2.069083913969553 2.033976040362556 2.0003231907034604 1.968743851339328 1.939848881312036 1.9142251612544119 1.8924171436951331 1.8749071755330586 1.8620958891185866 1.854284289476538 1.8516592907101437 1.8542842894765377 1.8620958891185864 1.8749071755330586 1.8924171436951334 1.9142251612544117 1.9398488813120358 1.9687438513393278 2.000323190703461 2.0339760403625564 2.0690839139695525
2.3239744381639182 2.3481473248282683 2.369082432809427 2.3865386851409855 2.4003192755465594 2.410271445533339 2.416286265165244 2.4182984539862984 2.416286265165244 2.4102714455333394 2.4003192755465594 2.386538685140986 2.369082432809427 2.3481473248282687 2.3239744381639187 2.2968492928704833 2.2671018963991822 2.235106551907123 2.2012812844582124 2.1660866928410325 2.1300239820081135 2.0936318758384203 2.0574820598135366 2.0221727710994255 1.988320157990926 1.9565470951636708 1.927469290477684 1.9016787718714396 1.8797252004370837 1.8620958891185866 1.8491958478428745 1.8413295222763624 1.8386860287390505 1.8413295222763624 1.8491958478428745 1.8620958891185866 1.879725200437084 1.9016787718714396 1.9274692904776836 1.9565470951636705 1.9883201579909262 2.022172771099426 2.057482059813536
2.309738396518836 2.3340587246708804 2.3551190722679687 2.37267805797343 2.3865386851409855 2.3965480826112118 2.4025972584560042 2.4046209022768275 2.4025972584560042 2.396548082611212 2.3865386851409855 2.37267805797343 2.3551190722679687 2.334058724670881 2.3097383965188363 2.28244407275923 2.2525064438910873 2.220300783563401 2.1862464555534675 2.150805856421519 2.1144825454573524 2.07781825544026 2.0413884239822306 2.0057958488565166 1.9716620708902337 1.9396161493211748 1.9102806434785045 1.8842548719588257 1.8620958891185864 1.844298070103215 1.8312726598716618 1.823329010552018 1.820659381486357 1.823329010552018 1.8312726598716618 1.8442980701032148 1.8620958891185864 1.8842548719588255 1.9102806434785045 1.9396161493211748 1.971662070890234 2.005795848856517 2.0413884239822306
2.291697217811544 2.316206987292808 2.337428185491932 2.3551190722679687 2.369082432809427 2.379165271694937 2.385258531923128 2.3872968733356963 2.385258531923128 2.3791652716949376 2.3690824328094267 2.3551190722679687 2.337428185491932 2.316206987292808 2.2916972178115445 2.2641854215248163 2.2340031238882907 2.201526799124649 2.16717748285457 2.131419834239344 2.094760395084739 2.0577447315963595 2.0209530858831 1.9849941221731118 1.9504963469740038 1.9180968391818154 1.888427074212933 1.8620958891185866 1.83967001879253 1.8216531088981271 1.8084646063899619 1.8004203282823623 1.7977166798931508 1.8004203282823623 1.8084646063899619 1.8216531088981271 1.8396700187925301 1.8620958891185864 1.8884270742129328 1.9180968391818152 1.950496346974004 1.9849941221731122 2.0209530858830997
