test/standards/AN_slope_angle_Synth.asc
ncols         101
nrows         101
xllcorner     0.0
yllcorner     0.0
cellsize      1
NODATA_value  -9999.
[rows 80 to 99 of 101, columns 0 to 43 of 101]
58.29215003586895 58.24447960509425 58.10091880619591 57.859810378596805 57.51836340947025 57.072611370353364 56.51735633174674 55.84610347600273 55.0509931245931 54.12274254669536 53.050617937367406 51.82246982931334 50.42488534200832 48.84354173742518 47.06389292307495 45.07239083232877 42.85854590010718 40.41827513195545 37.75918051738273 34.90863893376975 31.925799748422737 28.91845672789428 26.064036555332496 23.626807451708192 21.94451803324391 21.337662673027054 21.944518033243906 23.62680745170818 26.06403655533249 28.918456727894284 31.92579974842272 34.90863893376974 37.75918051738273 40.418275131955454 42.85854590010719 45.072390832328765 47.06389292307495 48.84354173742518 50.4248853420083 51.822469829313334 53.050617937367406 54.12274254669536 55.0509931245931 55.846103476002725
58.69032263621849 58.64444479198838 58.50631507670394 58.274438963172585 57.94630615699079 57.51836340947025 56.98598082802885 56.3434173144373 55.58379442152065 54.699093602377545 53.68020059989582 52.5170341302925 51.19881622598347 49.7145715495602 48.05398631590044 46.20881799542787 44.17512700327746 41.95669726918813 39.57010273323159 37.0518956217784 34.468163960309354 31.925799748422737 29.582330848881405 27.645906408887424 26.35022892641602 25.892064236469654 26.35022892641602 27.645906408887413 29.5823308488814 31.925799748422744 34.46816396030933 37.05189562177838 39.57010273323159 41.95669726918814 44.175127003277474 46.208817995427864 48.05398631590044 49.7145715495602 51.19881622598346 52.517034130292494 53.68020059989582 54.69909360237754 55.58379442152065 56.34341731443729
59.144840143084224 59.10095153316214 58.968846096404356 58.747201743139755 58.43380476893063 58.025537017254436 57.51836340947025 56.90732662091495 56.18655966280695 55.34933305146153 54.38816203164761 53.29501221678277 52.06166061345214 50.680295151997605 49.14447117593834 47.45058802286657 45.60009866888877 43.60270561518415 41.480788824286975 39.27517215250177 37.0518956217784 34.90863893376975 32.97752383907514 31.418425881884595 30.395889253280593 30.038591992959226 30.395889253280593 31.418425881884588 32.97752383907513 34.90863893376976 37.05189562177838 39.27517215250176 41.480788824286975 43.602705615184156 45.60009866888878 47.45058802286656 49.14447117593834 50.680295151997605 52.06166061345213 53.295012216782766 54.38816203164761 55.34933305146153 56.18655966280695 56.907326620914944
59.64094043751502 59.599154882141875 59.47341542003238 59.26257287257893 58.96471009346688 58.57714208163598 58.09642240417168 57.51836340947025 56.83808175591724 56.050086560416965 55.14843570249793 54.12699737907365 52.97986983503401 51.702033011729554 50.29033142466797 48.74491514943706 47.07128697564686 45.283098905587174 43.405770103208326 41.480788824286975 39.57010273323159 37.75918051738273 36.15617520554298 34.88369303988918 34.060505971482954 33.7751024051031 34.060505971482954 34.883693039889174 36.15617520554297 37.75918051738273 39.57010273323158 41.48078882428696 43.405770103208326 45.28309890558718 47.07128697564687 48.744915149437055 50.29033142466797 51.702033011729554 52.97986983503401 54.12699737907365 55.14843570249793 56.050086560416965 56.83808175591724 57.51836340947025
60.16424391065548 60.1246010944244 60.005344523626235 59.805491175332975 59.52340800753274 59.1568230551267 58.7028476166424 58.15801727773324 57.51836340947025 56.77953212203786 55.936974943848185 54.986245236957764 53.9234468942668 52.74589697822163 51.45308007521985 50.04798478773091 48.53891199953795 46.94181091475453 45.283098905587174 43.60270561518415 41.95669726918813 40.41827513195545 39.0753552181786 38.02280916116473 37.348610392076296 37.11613731849536 37.348610392076296 38.02280916116472 39.07535521817859 40.41827513195545 41.95669726918812 43.60270561518414 45.283098905587174 46.941810914754534 48.53891199953796 50.04798478773091 51.45308007521985 52.74589697822163 53.923446894266796 54.98624523695776 55.936974943848185 56.77953212203786 57.51836340947025 58.15801727773324
60.7014175470577 60.66389513740307 60.55105066173546 60.36205546649059 60.095539623991165 59.7496118366517 59.32189401575855 58.809578183531556 58.20951693343161 57.51836340947025 56.732782920638556 55.84976607767682 54.867082598827075 53.783924823285105 52.60179815898529 51.32571710698308 49.965750515479144 48.53891199953795 47.07128697564686 45.60009866888877 44.17512700327746 42.85854590010718 41.72199735674713 40.83990804418114 40.27907747275918 40.086472713076994 40.27907747275918 40.83990804418114 41.721997356747124 42.85854590010718 44.17512700327745 45.60009866888877 47.07128697564686 48.53891199953796 49.96575051547915 51.32571710698307 52.60179815898529 53.783924823285105 54.86708259882707 55.84976607767681 56.732782920638556 57.51836340947025 58.20951693343161 58.809578183531556
61.24059871285549 61.20512571670396 61.098475560240246 60.91995918109959 60.668443807771126 60.34237955773449 59.939843196854405 59.45860634694306 58.89623862271245 58.2502602126488 57.51836340947025 56.698728487857046 55.7904656727844 54.794220522549836 53.71298225590123 52.55312847615135 51.32571710698308 50.04798478773091 48.74491514943706 47.45058802286657 46.20881799542787 45.07239083232877 44.10014091455363 43.35139010448338 42.87806386347975 42.71600932587759 42.87806386347975 43.35139010448337 44.10014091455363 45.07239083232877 46.208817995427864 47.45058802286656 48.74491514943706 50.047984787730925 51.325717106983085 52.55312847615134 53.71298225590123 54.794220522549836 55.79046567278439 56.698728487857046 57.51836340947025 58.25026021264878 58.89623862271245 59.45860634694305
61.771602012267 61.738071713173966 61.637290480198914 61.468692750155235 61.23135488696434 60.92402658705665 60.54518100734011 60.093090374731396 59.565936607690695 58.96196982419372 58.279731515745446 57.51836340947025 56.67802698588712 55.76046090489231 54.76970165618722 53.71298225590123 52.60179815898529 51.45308007521985 50.29033142466797 49.14447117593834 48.05398631590044 47.06389292307495 46.223028231351606 45.57947198421842 45.17448916757066 45.03616693319232 45.17448916757066 45.57947198421842 46.223028231351606 47.06389292307495 48.05398631590044 49.144471175938335 50.29033142466797 51.45308007521985 52.60179815898529 53.71298225590123 54.76970165618722 55.76046090489231 56.678026985887115 57.51836340947025 58.279731515745446 58.96196982419372 59.565936607690695 60.093090374731396
62.28595371144606 62.25423513916514 62.15892463293469 61.99956396995935 61.77541070053033 61.48547278214809 61.128562767495836 60.70337769436508 60.208613182753 59.643122952068275 59.006137926813864 58.297561975919365 57.51836340947025 56.67108127330407 55.76046090489231 54.794220522549836 53.783924823285105 52.74589697822163 51.702033011729554 50.680295151997605 49.7145715495602 48.84354173742518 48.10824927020627 47.548326729631825 47.197258031483436 47.07758032024462 47.197258031483436 47.548326729631825 48.10824927020627 48.84354173742518 49.71457154956019 50.6802951519976 51.702033011729554 52.74589697822164 53.78392482328511 54.79422052254983 55.76046090489231 56.67108127330407 57.51836340947025 58.29756197591935 59.006137926813864 59.643122952068275 60.208613182753 60.70337769436508
62.776804378246354 62.74675180051853 62.65646977562177 62.50559203194516 62.29353083887937 62.01951361718681 61.6826393920415 61.28196060550503 60.816597780749674 60.28589668024109 59.68963976204865 59.028325532576815 58.30353008385102 57.51836340947025 56.67802698588712 55.7904656727844 54.867082598827075 53.9234468942668 52.97986983503401 52.06166061345214 51.19881622598347 50.42488534200832 49.774821344754216 49.28184544698503 48.97366887325248 48.868776078226375 48.97366887325248 49.281845446985024 49.774821344754216 50.42488534200832 51.198816225983464 52.06166061345213 52.97986983503401 53.9234468942668 54.86708259882708 55.7904656727844 56.67802698588712 57.51836340947025 58.30353008385102 59.028325532576815 59.68963976204865 60.28589668024108 60.816597780749674 61.28196060550501
63.23876649364904 63.21022681817305 63.12450935154117 62.98132564684294 62.78021851991049 62.52059968873523 62.201807165162165 61.82318730630505 61.38420807200404 60.884611713167324 60.32461663670029 59.70517915626918 59.028325532576815 58.297561975919365 57.51836340947025 56.698728487857046 55.84976607767682 54.986245236957764 54.12699737907365 53.29501221678277 52.5170341302925 51.82246982931334 51.241494702940415 50.80241619110065 50.52860110122269 50.43552211594423 50.52860110122269 50.80241619110065 51.241494702940415 51.82246982931334 52.517034130292494 53.29501221678276 54.12699737907365 54.986245236957764 55.84976607767682 56.698728487857046 57.51836340947025 58.297561975919365 59.028325532576815 59.70517915626918 60.32461663670029 60.884611713167324 61.38420807200404 61.82318730630505
63.66771481993648 63.64053304573989 63.55891097042678 63.42262534077292 63.23132800628583 62.98458390526734 62.68192846649083 62.32294877242038 61.90739418079649 61.43532339219892 60.90729596687745 60.32461663670029 59.68963976204865 59.006137926813864 58.279731515745446 57.51836340947025 56.732782920638556 55.936974943848185 55.14843570249793 54.38816203164761 53.68020059989582 53.050617937367406 52.525824652128044 52.130329204993856 51.884188740858605 51.80060469483551 51.884188740858605 52.130329204993856 52.525824652128044 53.050617937367406 53.68020059989582 54.3881620316476 55.14843570249793 55.93697494384819 56.73278292063856 57.51836340947025 58.279731515745446 59.006137926813864 59.689639762048635 60.32461663670029 60.90729596687745 61.43532339219892 61.90739418079649 62.32294877242038
64.06057699073807 64.03459997769917 63.95661021103906 63.82643854653547 63.64382707141926 63.40846697245705 63.120055339735664 62.778374751752224 62.38340059764542 61.93544207067755 61.43532339219892 60.884611713167324 60.28589668024109 59.643122952068275 58.96196982419372 58.2502602126488 57.51836340947025 56.77953212203786 56.050086560416965 55.34933305146153 54.699093602377545 54.12274254669536 53.643713110104606 53.28355561327347 53.05978086878234 52.98385726503954 53.05978086878234 53.28355561327347 53.6437131101046 54.12274254669536 54.699093602377545 55.34933305146153 56.050086560416965 56.779532122037864 57.51836340947025 58.25026021264878 58.96196982419372 59.643122952068275 60.28589668024108 60.884611713167324 61.43532339219892 61.93544207067755 62.38340059764542 62.77837475175221
64.41513234881178 64.3902112174899 64.31540394124502 64.19058588043619 64.01557314290027 63.790160041517396 63.51417494105795 63.18755790570274 62.81046447140552 62.38340059764542 61.90739418079649 61.38420807200404 60.816597780749674 60.208613182753 59.565936607690695 58.89623862271245 58.20951693343161 57.51836340947025 56.83808175591724 56.18655966280695 55.58379442152065 55.0509931245931 54.609229269355815 54.27773840697168 54.072058354820086 54.002323702387585 54.072058354820086 54.27773840697168 54.609229269355815 55.0509931245931 55.58379442152065 56.18655966280694 56.83808175591724 57.51836340947025 58.20951693343161 58.89623862271245 59.565936607690695 60.208613182753 60.816597780749674 61.38420807200403 61.90739418079649 62.38340059764542 62.81046447140552 63.187557905702725
64.7298294988334 64.70582096324705 64.63376357969919 64.5135689549369 64.3451133306076 64.12827446952967 63.862986373595966 63.54931487623868 63.18755790570274 62.778374751752224 62.32294877242038 61.82318730630505 61.28196060550503 60.70337769436508 60.093090374731396 59.45860634694306 58.809578183531556 58.15801727773324 57.51836340947025 56.90732662091495 56.3434173144373 55.84610347600273 55.43458914925036 55.12629515951883 54.93522498467433 54.87048167111065 54.93522498467433 55.12629515951883 55.43458914925035 55.84610347600273 56.3434173144373 56.907326620914944 57.51836340947025 58.15801727773325 58.80957818353157 59.45860634694306 60.093090374731396 60.70337769436508 61.28196060550501 61.82318730630505 62.32294877242038 62.77837475175221 63.18755790570274 63.54931487623868
65.00362756045025 64.98039445951139 64.91067313189446 64.79440435093638 64.63151263468417 64.42194249835573 64.16571200818922 63.862986373595966 63.51417494105795 63.120055339735664 62.68192846649083 62.201807165162165 61.6826393920415 61.128562767495836 60.54518100734011 59.939843196854405 59.32189401575855 58.7028476166424 58.09642240417168 57.51836340947025 56.98598082802885 56.51735633174674 56.130219291063696 55.84057124074208 55.661223546934224 55.60048139526279 55.661223546934224 55.84057124074208 56.130219291063696 56.51735633174674 56.98598082802884 57.51836340947025 58.09642240417168 58.7028476166424 59.32189401575855 59.939843196854405 60.54518100734011 61.128562767495836 61.6826393920415 62.201807165162165 62.68192846649083 63.120055339735664 63.51417494105795 63.862986373595966
65.23586247253033 65.21327371865141 65.14549315883016 65.03248465210264 64.87421084859442 64.67066881725292 64.42194249835573 64.12827446952967 63.790160041517396 63.40846697245705 62.98458390526734 62.52059968873523 62.01951361718681 61.48547278214809 60.92402658705665 60.34237955773449 59.7496118366517 59.1568230551267 58.57714208163598 58.025537017254436 57.51836340947025 57.072611370353364 56.70485895811541 56.43000729307024 56.25994838234328 56.202374333748054 56.25994838234328 56.43000729307024 56.7048589581154 57.072611370353364 57.51836340947025 58.025537017254436 58.57714208163598 59.156823055126715 59.7496118366517 60.34237955773449 60.92402658705665 61.48547278214809 62.019513617186796 62.52059968873523 62.98458390526734 63.40846697245705 63.790160041517396 64.12827446952966
65.42613752255559 65.40406763869913 65.33784966030264 65.22746527208217 65.07290651484726 64.87421084859442 64.63151263468417 64.3451133306076 64.01557314290027 63.64382707141926 63.23132800628583 62.78021851991049 62.29353083887937 61.77541070053033 61.23135488696434 60.668443807771126 60.095539623991165 59.52340800753274 58.96471009346688 58.43380476893063 57.94630615699079 57.51836340947025 57.165673559540956 56.902300281124276 56.739438881077426 56.684318209072956 56.739438881077426 56.90230028112427 57.165673559540956 57.51836340947025 57.94630615699079 58.43380476893063 58.96471009346688 59.52340800753274 60.095539623991165 60.66844380777111 61.23135488696434 61.77541070053033 62.29353083887937 62.78021851991049 63.23132800628583 63.64382707141926 64.01557314290027 64.3451133306076
65.57423615510451 65.5525645295063 65.48754575650568 65.37917473749283 65.22746527208217 65.03248465210264 64.79440435093638 64.5135689549369 64.19058588043619 63.82643854653547 63.42262534077292 62.98132564684294 62.50559203194516 61.99956396995935 61.468692750155235 60.91995918109959 60.36205546649059 59.805491175332975 59.26257287257893 58.747201743139755 58.274438963172585 57.859810378596805 57.51836340947025 57.26354686511053 57.10604619066511 57.05275196421472 57.10604619066511 57.26354686511053 57.51836340947025 57.859810378596805 58.274438963172585 58.747201743139755 59.26257287257893 59.80549117533299 60.36205546649059 60.91995918109959 61.468692750155235 61.99956396995935 62.50559203194516 62.98132564684294 63.42262534077292 63.82643854653547 64.19058588043619 64.5135689549369
65.68005471016471 65.65866466325299 65.59449367842433 65.48754575650568 65.33784966030264 65.14549315883016 64.91067313189446 64.63376357969919 64.31540394124502 63.95661021103906 63.55891097042678 63.12450935154117 62.65646977562177 62.15892463293469 61.637290480198914 61.098475560240246 60.55105066173546 60.005344523626235 59.47341542003238 58.968846096404356 58.50631507670394 58.10091880619591 57.767258873955974 57.51836340947025 57.36456984637495 57.31253824451799 57.36456984637495 57.51836340947025 57.76725887395596 58.10091880619591 58.506315076703935 58.968846096404356 59.47341542003238 60.00534452362625 60.55105066173546 61.098475560240246 61.637290480198914 62.15892463293469 62.65646977562177 63.12450935154117 63.55891097042678 63.95661021103906 64.31540394124502 64.63376357969919
