test/standards/AN_slope_angle_Synth.asc
ncols         101
nrows         101
xllcorner     0.0
yllcorner     0.0
cellsize      1
NODATA_value  -9999.
[rows 20 to 39 of 101, columns 0 to 43 of 101]
59.144840143084224 59.10095153316214 58.968846096404356 58.747201743139755 58.43380476893063 58.025537017254436 57.51836340947025 56.907326620914944 56.18655966280694 55.34933305146152 54.388162031647596 53.29501221678276 52.06166061345213 50.6802951519976 49.14447117593833 47.450588022866555 45.60009866888876 43.60270561518413 41.48078882428695 39.275172152501746 37.051895621778364 34.90863893376972 32.977523839075104 31.418425881884556 30.395889253280554 30.03859199295918 30.395889253280554 31.418425881884545 32.9775238390751 34.90863893376973 37.051895621778364 39.27517215250174 41.48078882428695 43.60270561518414 45.60009866888877 47.45058802286655 49.14447117593833 50.6802951519976 52.06166061345212 53.29501221678276 54.388162031647596 55.34933305146152 56.18655966280694 56.90732662091493
58.69032263621849 58.64444479198838 58.50631507670394 58.274438963172585 57.94630615699079 57.51836340947025 56.98598082802885 56.3434173144373 55.58379442152065 54.699093602377545 53.68020059989582 52.517034130292494 51.198816225983464 49.71457154956019 48.05398631590044 46.208817995427864 44.17512700327746 41.956697269188126 39.57010273323158 37.051895621778385 34.46816396030935 31.925799748422726 29.582330848881387 27.64590640888741 26.350228926416005 25.892064236469636 26.350228926416005 27.6459064088874 29.582330848881387 31.92579974842273 34.46816396030932 37.05189562177838 39.57010273323158 41.95669726918814 44.17512700327747 46.20881799542786 48.05398631590044 49.71457154956019 51.19881622598346 52.517034130292494 53.68020059989582 54.69909360237754 55.58379442152065 56.34341731443729
58.29215003586895 58.24447960509425 58.10091880619591 57.859810378596805 57.51836340947025 57.072611370353364 56.51735633174674 55.84610347600273 55.0509931245931 54.12274254669536 53.050617937367406 51.82246982931334 50.42488534200832 48.84354173742518 47.06389292307495 45.07239083232877 42.85854590010718 40.41827513195545 37.75918051738273 34.908638933769765 31.925799748422744 28.918456727894284 26.064036555332507 23.626807451708206 21.944518033243924 21.33766267302707 21.94451803324392 23.626807451708196 26.0640365553325 28.91845672789429 31.925799748422726 34.90863893376975 37.75918051738273 40.41827513195547 42.858545900107195 45.072390832328765 47.06389292307495 48.84354173742518 50.4248853420083 51.822469829313334 53.050617937367406 54.12274254669536 55.0509931245931 55.846103476002725
57.96457777535322 57.915397085148555 57.76725887395596 57.51836340947025 57.165673559540956 56.7048589581154 56.130219291063696 55.43458914925035 54.609229269355815 53.6437131101046 52.52582465212804 51.241494702940415 49.774821344754216 48.108249270206265 46.223028231351606 44.10014091455362 41.721997356747124 39.075355218178586 36.15617520554297 32.977523839075126 29.582330848881387 26.06403655533248 22.599843660531786 19.4995540185613 17.245582345946026 16.401153443324645 17.245582345946023 19.49955401856129 22.599843660531775 26.064036555332482 29.58233084888137 32.97752383907511 36.15617520554297 39.0753552181786 41.72199735674713 44.100140914553606 46.223028231351606 48.108249270206265 49.7748213447542 51.241494702940415 52.52582465212804 53.64371311010459 54.609229269355815 55.43458914925034
57.720308095984606 57.6699800757138 57.51836340947025 57.26354686511053 56.90230028112427 56.43000729307024 55.84057124074208 55.12629515951883 54.27773840697168 53.28355561327347 52.130329204993856 50.80241619110065 49.281845446985024 47.548326729631825 45.57947198421842 43.35139010448338 40.83990804418114 38.02280916116472 34.883693039889174 31.418425881884588 27.645906408887416 23.62680745170819 19.499554018561323 15.558289626771014 12.418227686628422 11.137555410104817 12.418227686628416 15.558289626770994 19.499554018561312 23.626807451708192 27.64590640888739 31.418425881884577 34.883693039889174 38.022809161164744 40.83990804418116 43.351390104483364 45.57947198421842 47.548326729631825 49.28184544698501 50.80241619110064 52.130329204993856 53.283555613273464 54.27773840697168 55.12629515951882
57.56940930562765 57.51836340947025 57.36456984637495 57.10604619066511 56.739438881077426 56.25994838234328 55.661223546934224 54.93522498467433 54.072058354820086 53.05978086878234 51.8841887408586 50.52860110122269 48.97366887325248 47.197258031483436 45.17448916757066 42.878063863479746 40.27907747275918 37.348610392076296 34.06050597148295 30.395889253280586 26.350228926416012 21.9445180332439 17.245582345946044 12.418227686628413 7.9406943246014965 5.632928011680924 7.9406943246014885 12.418227686628388 17.245582345946033 21.944518033243902 26.35022892641599 30.39588925328057 34.06050597148295 37.3486103920763 40.27907747275919 42.87806386347974 45.17448916757066 47.197258031483436 48.973668873252464 50.528601101222684 51.8841887408586 53.05978086878233 54.072058354820086 54.93522498467432
57.51836340947025 57.46707308744413 57.31253824451799 57.05275196421472 56.684318209072956 56.202374333748054 55.60048139526279 54.87048167111065 54.002323702387585 52.98385726503954 51.80060469483551 50.43552211594423 48.868776078226375 47.07758032024462 45.03616693319232 42.71600932587759 40.086472713076994 37.11613731849536 33.7751024051031 30.038591992959226 25.892064236469654 21.337662673027054 16.40115344332468 11.13755541010484 5.6329280116809874 1.742702946543174e-14 5.632928011680976 11.13755541010481 16.40115344332467 21.33766267302706 25.89206423646963 30.038591992959205 33.7751024051031 37.116137318495376 40.08647271307701 42.71600932587758 45.03616693319232 47.07758032024462 48.86877607822636 50.43552211594423 51.80060469483551 52.98385726503954 54.002323702387585 54.870481671110646
57.56940930562765 57.51836340947025 57.36456984637495 57.10604619066511 56.739438881077426 56.25994838234328 55.661223546934224 54.93522498467433 54.072058354820086 53.05978086878234 51.884188740858605 50.52860110122269 48.97366887325248 47.197258031483436 45.17448916757066 42.87806386347975 40.27907747275918 37.348610392076296 34.060505971482954 30.395889253280593 26.35022892641602 21.944518033243902 17.24558234594605 12.418227686628427 7.9406943246015205 5.632928011680958 7.9406943246015125 12.418227686628402 17.245582345946044 21.944518033243913 26.35022892641599 30.395889253280576 34.060505971482954 37.3486103920763 40.27907747275919 42.87806386347974 45.17448916757066 47.197258031483436 48.973668873252464 50.528601101222684 51.884188740858605 53.05978086878233 54.072058354820086 54.93522498467432
57.720308095984606 57.6699800757138 57.51836340947025 57.26354686511053 56.902300281124276 56.43000729307024 55.84057124074208 55.12629515951883 54.27773840697168 53.28355561327347 52.130329204993856 50.80241619110065 49.28184544698503 47.548326729631825 45.57947198421842 43.35139010448338 40.83990804418115 38.02280916116473 34.88369303988918 31.418425881884602 27.645906408887427 23.6268074517082 19.49955401856134 15.558289626771035 12.418227686628448 11.137555410104849 12.418227686628441 15.558289626771014 19.49955401856133 23.626807451708203 27.645906408887406 31.418425881884584 34.88369303988918 38.022809161164744 40.839908044181165 43.35139010448337 45.57947198421842 47.548326729631825 49.28184544698501 50.80241619110065 52.130329204993856 53.283555613273464 54.27773840697168 55.12629515951882
57.96457777535322 57.915397085148555 57.76725887395596 57.51836340947025 57.165673559540956 56.7048589581154 56.130219291063696 55.43458914925035 54.609229269355815 53.643713110104606 52.525824652128044 51.241494702940415 49.774821344754216 48.10824927020627 46.223028231351606 44.10014091455363 41.721997356747124 39.07535521817859 36.15617520554298 32.97752383907513 29.5823308488814 26.064036555332493 22.599843660531803 19.499554018561327 17.245582345946055 16.401153443324674 17.24558234594605 19.499554018561312 22.599843660531793 26.0640365553325 29.582330848881387 32.97752383907512 36.15617520554298 39.07535521817861 41.72199735674713 44.10014091455361 46.223028231351606 48.10824927020627 49.77482134475421 51.241494702940415 52.525824652128044 53.6437131101046 54.609229269355815 55.43458914925034
58.29215003586895 58.24447960509425 58.1009188061959 57.859810378596805 57.51836340947025 57.072611370353364 56.51735633174673 55.846103476002725 55.05099312459309 54.12274254669536 53.0506179373674 51.822469829313334 50.42488534200832 48.84354173742518 47.063892923074945 45.072390832328765 42.858545900107174 40.41827513195543 37.75918051738272 34.908638933769744 31.925799748422726 28.918456727894267 26.06403655533248 23.62680745170817 21.944518033243885 21.33766267302703 21.94451803324388 23.62680745170816 26.064036555332475 28.918456727894267 31.925799748422712 34.90863893376973 37.75918051738272 40.41827513195545 42.85854590010719 45.07239083232876 47.063892923074945 48.84354173742518 50.424885342008295 51.822469829313334 53.0506179373674 54.12274254669536 55.05099312459309 55.84610347600272
58.69032263621849 58.64444479198838 58.50631507670394 58.274438963172585 57.94630615699079 57.51836340947025 56.98598082802885 56.3434173144373 55.58379442152065 54.69909360237755 53.68020059989583 52.5170341302925 51.19881622598347 49.7145715495602 48.053986315900445 46.20881799542788 44.17512700327747 41.95669726918813 39.5701027332316 37.0518956217784 34.46816396030936 31.925799748422744 29.582330848881412 27.645906408887434 26.35022892641603 25.89206423646966 26.35022892641603 27.645906408887424 29.582330848881405 31.92579974842275 34.46816396030935 37.051895621778385 39.5701027332316 41.95669726918815 44.17512700327748 46.208817995427864 48.053986315900445 49.7145715495602 51.19881622598346 52.517034130292494 53.68020059989583 54.699093602377545 55.58379442152065 56.343417314437296
59.144840143084224 59.10095153316214 58.968846096404356 58.747201743139755 58.43380476893063 58.025537017254436 57.51836340947025 56.907326620914944 56.18655966280694 55.34933305146153 54.3881620316476 53.29501221678276 52.06166061345213 50.6802951519976 49.144471175938335 47.45058802286656 45.60009866888877 43.60270561518414 41.48078882428696 39.27517215250176 37.05189562177838 34.90863893376974 32.97752383907512 31.418425881884584 30.395889253280576 30.038591992959205 30.395889253280576 31.41842588188457 32.97752383907512 34.908638933769744 37.05189562177838 39.27517215250175 41.48078882428696 43.60270561518415 45.600098668888776 47.450588022866555 49.144471175938335 50.6802951519976 52.061660613452126 53.29501221678276 54.3881620316476 55.34933305146152 56.18655966280694 56.90732662091494
59.64094043751502 59.599154882141875 59.47341542003238 59.26257287257893 58.96471009346688 58.57714208163598 58.09642240417168 57.51836340947025 56.83808175591724 56.05008656041696 55.14843570249792 54.12699737907364 52.97986983503401 51.702033011729554 50.290331424667954 48.744915149437055 47.071286975646856 45.28309890558716 43.40577010320831 41.480788824286954 39.57010273323157 37.75918051738271 36.15617520554296 34.883693039889145 34.06050597148292 33.77510240510306 34.06050597148292 34.883693039889145 36.156175205542944 37.75918051738271 39.570102733231565 41.48078882428694 43.40577010320831 45.283098905587174 47.07128697564686 48.74491514943705 50.290331424667954 51.702033011729554 52.979869835034 54.12699737907364 55.14843570249792 56.05008656041696 56.83808175591724 57.51836340947023
60.16424391065548 60.1246010944244 60.00534452362625 59.805491175332975 59.52340800753274 59.156823055126715 58.7028476166424 58.15801727773325 57.51836340947025 56.77953212203786 55.93697494384819 54.986245236957764 53.9234468942668 52.74589697822163 51.45308007521985 50.04798478773092 48.53891199953795 46.94181091475453 45.28309890558718 43.60270561518415 41.95669726918814 40.41827513195545 39.07535521817861 38.02280916116474 37.3486103920763 37.11613731849537 37.3486103920763 38.02280916116473 39.0753552181786 40.418275131955454 41.956697269188126 43.60270561518415 45.28309890558718 46.94181091475454 48.538911999537966 50.04798478773091 51.45308007521985 52.74589697822163 53.923446894266796 54.98624523695776 55.93697494384819 56.77953212203786 57.51836340947025 58.15801727773324
60.7014175470577 60.66389513740307 60.55105066173546 60.36205546649059 60.09553962399115 59.7496118366517 59.32189401575855 58.809578183531556 58.20951693343161 57.51836340947025 56.732782920638556 55.84976607767681 54.867082598827075 53.783924823285105 52.60179815898528 51.32571710698307 49.96575051547913 48.538911999537945 47.07128697564686 45.60009866888877 44.17512700327745 42.85854590010717 41.72199735674712 40.839908044181136 40.27907747275916 40.08647271307698 40.27907747275916 40.83990804418113 41.72199735674712 42.858545900107174 44.175127003277446 45.60009866888876 47.07128697564686 48.53891199953795 49.965750515479144 51.32571710698306 52.60179815898528 53.783924823285105 54.86708259882706 55.84976607767681 56.732782920638556 57.51836340947023 58.20951693343161 58.809578183531556
61.24059871285549 61.20512571670396 61.098475560240246 60.91995918109959 60.668443807771126 60.34237955773449 59.939843196854405 59.45860634694306 58.89623862271245 58.2502602126488 57.51836340947025 56.698728487857046 55.7904656727844 54.794220522549836 53.71298225590123 52.55312847615135 51.32571710698308 50.04798478773091 48.74491514943706 47.45058802286657 46.20881799542787 45.07239083232877 44.10014091455363 43.35139010448338 42.87806386347975 42.71600932587759 42.87806386347975 43.35139010448337 44.10014091455363 45.07239083232877 46.208817995427864 47.45058802286656 48.74491514943706 50.047984787730925 51.325717106983085 52.55312847615134 53.71298225590123 54.794220522549836 55.79046567278439 56.698728487857046 57.51836340947025 58.25026021264878 58.89623862271245 59.45860634694305
61.771602012267 61.738071713173966 61.637290480198914 61.468692750155235 61.23135488696434 60.92402658705664 60.54518100734011 60.093090374731396 59.565936607690695 58.96196982419372 58.279731515745446 57.51836340947025 56.67802698588712 55.76046090489231 54.769701656187216 53.71298225590123 52.60179815898528 51.45308007521985 50.29033142466796 49.14447117593834 48.05398631590044 47.063892923074945 46.223028231351606 45.57947198421842 45.174489167570655 45.03616693319231 45.174489167570655 45.57947198421842 46.223028231351606 47.063892923074945 48.05398631590043 49.14447117593833 50.29033142466796 51.45308007521985 52.60179815898529 53.712982255901224 54.769701656187216 55.76046090489231 56.678026985887115 57.51836340947025 58.279731515745446 58.96196982419372 59.565936607690695 60.093090374731396
62.28595371144606 62.25423513916514 62.15892463293469 61.99956396995935 61.77541070053033 61.48547278214809 61.128562767495836 60.70337769436508 60.208613182753 59.643122952068275 59.006137926813864 58.297561975919365 57.51836340947025 56.67108127330407 55.76046090489231 54.794220522549836 53.783924823285105 52.74589697822163 51.702033011729554 50.680295151997605 49.7145715495602 48.84354173742518 48.10824927020627 47.548326729631825 47.197258031483436 47.07758032024462 47.197258031483436 47.548326729631825 48.10824927020627 48.84354173742518 49.71457154956019 50.6802951519976 51.702033011729554 52.74589697822164 53.78392482328511 54.79422052254983 55.76046090489231 56.67108127330407 57.51836340947025 58.29756197591935 59.006137926813864 59.643122952068275 60.208613182753 60.70337769436508
62.776804378246354 62.74675180051853 62.65646977562177 62.50559203194516 62.29353083887937 62.01951361718681 61.6826393920415 61.28196060550503 60.816597780749674 60.28589668024109 59.68963976204865 59.028325532576815 58.30353008385104 57.51836340947025 56.67802698588713 55.7904656727844 54.86708259882708 53.9234468942668 52.979869835034016 52.06166061345215 51.19881622598348 50.424885342008324 49.77482134475423 49.28184544698503 48.973668873252485 48.868776078226375 48.973668873252485 49.28184544698503 49.774821344754216 50.424885342008324 51.19881622598347 52.06166061345214 52.979869835034016 53.9234468942668 54.86708259882708 55.7904656727844 56.67802698588713 57.51836340947025 58.30353008385102 59.028325532576815 59.68963976204865 60.28589668024109 60.816597780749674 61.28196060550501
