test/standards/AN_slope_angle_Synth.asc
ncols         101
nrows         101
xllcorner     0.0
yllcorner     0.0
cellsize      1
NODATA_value  -9999.
[rows 0 to 19 of 101, columns 0 to 43 of 101]
65.74355279654206 65.72233052754623 65.65866466325299 65.5525645295063 65.40406763869913 65.21327371865141 64.98039445951139 64.70582096324705 64.3902112174899 64.03459997769917 63.64053304573989 63.21022681817305 62.74675180051853 62.25423513916514 61.738071713173966 61.20512571670396 60.66389513740307 60.1246010944244 59.599154882141875 59.10095153316214 58.64444479198838 58.24447960509425 57.915397085148555 57.6699800757138 57.51836340947025 57.46707308744413 57.51836340947025 57.6699800757138 57.915397085148555 58.24447960509425 58.64444479198838 59.10095153316214 59.599154882141875 60.1246010944244 60.66389513740307 61.20512571670396 61.738071713173966 62.25423513916514 62.74675180051853 63.21022681817305 63.64053304573989 64.03459997769916 64.3902112174899 64.70582096324705
65.76471933564618 65.74355279654206 65.68005471016471 65.57423615510451 65.42613752255559 65.23586247253033 65.00362756045025 64.7298294988334 64.41513234881178 64.06057699073807 63.66771481993648 63.23876649364904 62.776804378246354 62.28595371144606 61.771602012267 61.24059871285549 60.7014175470577 60.16424391065548 59.64094043751502 59.144840143084224 58.69032263621849 58.29215003586895 57.96457777535322 57.720308095984606 57.56940930562765 57.51836340947025 57.56940930562765 57.720308095984606 57.96457777535322 58.29215003586895 58.69032263621849 59.144840143084224 59.64094043751502 60.16424391065548 60.7014175470577 61.24059871285549 61.771602012267 62.28595371144606 62.77680437824634 63.23876649364904 63.66771481993648 64.06057699073807 64.41513234881178 64.7298294988334
65.74355279654206 65.72233052754623 65.65866466325299 65.5525645295063 65.40406763869913 65.21327371865141 64.98039445951139 64.70582096324705 64.3902112174899 64.03459997769917 63.64053304573989 63.21022681817305 62.74675180051853 62.25423513916514 61.738071713173966 61.20512571670396 60.66389513740307 60.1246010944244 59.599154882141875 59.10095153316214 58.64444479198838 58.24447960509425 57.915397085148555 57.6699800757138 57.51836340947025 57.46707308744413 57.51836340947025 57.6699800757138 57.915397085148555 58.24447960509425 58.64444479198838 59.10095153316214 59.599154882141875 60.1246010944244 60.66389513740307 61.20512571670396 61.738071713173966 62.25423513916514 62.74675180051853 63.21022681817305 63.64053304573989 64.03459997769916 64.3902112174899 64.70582096324705
65.68005471016471 65.65866466325299 65.59449367842431 65.48754575650568 65.33784966030262 65.14549315883016 64.91067313189446 64.63376357969919 64.31540394124502 63.95661021103905 63.55891097042678 63.12450935154117 62.65646977562177 62.15892463293468 61.637290480198914 61.098475560240246 60.55105066173546 60.005344523626235 59.47341542003238 58.968846096404356 58.506315076703935 58.1009188061959 57.76725887395596 57.51836340947025 57.364569846374934 57.31253824451799 57.364569846374934 57.51836340947025 57.76725887395596 58.1009188061959 58.506315076703935 58.968846096404356 59.47341542003238 60.005344523626235 60.55105066173546 61.098475560240246 61.637290480198914 62.15892463293468 62.65646977562177 63.12450935154117 63.55891097042678 63.95661021103905 64.31540394124502 64.63376357969919
65.57423615510451 65.5525645295063 65.48754575650568 65.37917473749283 65.22746527208217 65.03248465210264 64.79440435093638 64.5135689549369 64.19058588043619 63.82643854653547 63.42262534077292 62.98132564684294 62.50559203194516 61.99956396995935 61.468692750155235 60.91995918109959 60.36205546649059 59.805491175332975 59.26257287257893 58.747201743139755 58.274438963172585 57.859810378596805 57.51836340947025 57.26354686511053 57.10604619066511 57.05275196421472 57.10604619066511 57.26354686511053 57.51836340947025 57.859810378596805 58.274438963172585 58.747201743139755 59.26257287257893 59.80549117533299 60.36205546649059 60.91995918109959 61.468692750155235 61.99956396995935 62.50559203194516 62.98132564684294 63.42262534077292 63.82643854653547 64.19058588043619 64.5135689549369
65.42613752255559 65.40406763869913 65.33784966030264 65.22746527208217 65.07290651484726 64.87421084859442 64.63151263468417 64.3451133306076 64.01557314290027 63.64382707141926 63.23132800628583 62.78021851991049 62.29353083887937 61.77541070053033 61.23135488696434 60.668443807771126 60.095539623991165 59.52340800753274 58.96471009346688 58.43380476893063 57.94630615699079 57.51836340947025 57.165673559540956 56.902300281124276 56.739438881077426 56.684318209072956 56.739438881077426 56.90230028112427 57.165673559540956 57.51836340947025 57.94630615699079 58.43380476893063 58.96471009346688 59.52340800753274 60.095539623991165 60.66844380777111 61.23135488696434 61.77541070053033 62.29353083887937 62.78021851991049 63.23132800628583 63.64382707141926 64.01557314290027 64.3451133306076
65.23586247253033 65.21327371865141 65.14549315883016 65.03248465210264 64.87421084859442 64.67066881725292 64.42194249835573 64.12827446952967 63.790160041517396 63.40846697245705 62.98458390526734 62.52059968873523 62.01951361718681 61.48547278214809 60.92402658705665 60.34237955773449 59.7496118366517 59.1568230551267 58.57714208163598 58.025537017254436 57.51836340947025 57.072611370353364 56.70485895811541 56.43000729307024 56.25994838234328 56.202374333748054 56.25994838234328 56.43000729307024 56.7048589581154 57.072611370353364 57.51836340947025 58.025537017254436 58.57714208163598 59.156823055126715 59.7496118366517 60.34237955773449 60.92402658705665 61.48547278214809 62.019513617186796 62.52059968873523 62.98458390526734 63.40846697245705 63.790160041517396 64.12827446952966
65.00362756045025 64.98039445951139 64.91067313189446 64.79440435093638 64.63151263468417 64.42194249835573 64.16571200818922 63.862986373595966 63.51417494105795 63.120055339735664 62.68192846649083 62.201807165162165 61.6826393920415 61.128562767495836 60.54518100734011 59.939843196854405 59.32189401575855 58.7028476166424 58.09642240417168 57.51836340947025 56.98598082802885 56.51735633174674 56.130219291063696 55.84057124074208 55.661223546934224 55.60048139526279 55.661223546934224 55.84057124074208 56.130219291063696 56.51735633174674 56.98598082802884 57.51836340947025 58.09642240417168 58.7028476166424 59.32189401575855 59.939843196854405 60.54518100734011 61.128562767495836 61.6826393920415 62.201807165162165 62.68192846649083 63.120055339735664 63.51417494105795 63.862986373595966
64.7298294988334 64.70582096324705 64.63376357969919 64.5135689549369 64.3451133306076 64.12827446952966 63.862986373595966 63.54931487623868 63.187557905702725 62.77837475175221 62.32294877242038 61.82318730630505 61.28196060550501 60.70337769436508 60.093090374731396 59.45860634694305 58.809578183531556 58.15801727773324 57.51836340947025 56.907326620914944 56.34341731443729 55.846103476002725 55.43458914925034 55.12629515951882 54.93522498467432 54.870481671110646 54.93522498467432 55.12629515951882 55.43458914925034 55.846103476002725 56.34341731443729 56.90732662091494 57.51836340947025 58.15801727773324 58.809578183531556 59.45860634694305 60.093090374731396 60.70337769436508 61.28196060550501 61.82318730630504 62.32294877242038 62.77837475175221 63.187557905702725 63.54931487623868
64.41513234881177 64.3902112174899 64.31540394124501 64.19058588043617 64.01557314290025 63.79016004151738 63.51417494105794 63.187557905702725 62.81046447140551 62.38340059764542 61.90739418079649 61.38420807200403 60.816597780749674 60.208613182753 59.56593660769068 58.89623862271245 58.209516933431594 57.51836340947023 56.83808175591723 56.186559662806935 55.58379442152064 55.050993124593084 54.60922926935581 54.277738406971665 54.07205835482007 54.00232370238757 54.07205835482007 54.277738406971665 54.60922926935581 55.050993124593084 55.58379442152064 56.186559662806935 56.83808175591723 57.51836340947025 58.209516933431594 58.89623862271245 59.56593660769068 60.208613182753 60.816597780749674 61.38420807200403 61.90739418079649 62.383400597645405 62.81046447140551 63.187557905702725
64.06057699073807 64.03459997769916 63.95661021103905 63.82643854653547 63.64382707141926 63.40846697245705 63.12005533973565 62.77837475175221 62.38340059764542 61.93544207067755 61.4353233921989 60.884611713167324 60.28589668024108 59.64312295206827 58.96196982419372 58.25026021264878 57.51836340947025 56.77953212203785 56.05008656041696 55.34933305146152 54.69909360237754 54.122742546695356 53.64371311010459 53.283555613273464 53.05978086878233 52.98385726503954 53.05978086878233 53.28355561327346 53.64371311010459 54.12274254669536 54.69909360237754 55.34933305146152 56.05008656041696 56.77953212203786 57.51836340947025 58.25026021264878 58.96196982419372 59.64312295206827 60.28589668024108 60.884611713167324 61.4353233921989 61.93544207067755 62.38340059764542 62.77837475175221
63.66771481993648 63.64053304573989 63.55891097042678 63.42262534077292 63.23132800628583 62.98458390526734 62.68192846649083 62.32294877242038 61.90739418079649 61.43532339219892 60.90729596687745 60.32461663670029 59.68963976204865 59.006137926813864 58.279731515745446 57.51836340947025 56.732782920638556 55.936974943848185 55.14843570249793 54.38816203164761 53.68020059989582 53.050617937367406 52.525824652128044 52.130329204993856 51.884188740858605 51.80060469483551 51.884188740858605 52.130329204993856 52.525824652128044 53.050617937367406 53.68020059989582 54.3881620316476 55.14843570249793 55.93697494384819 56.73278292063856 57.51836340947025 58.279731515745446 59.006137926813864 59.689639762048635 60.32461663670029 60.90729596687745 61.43532339219892 61.90739418079649 62.32294877242038
63.238766493649045 63.21022681817305 63.12450935154117 62.98132564684294 62.78021851991049 62.52059968873523 62.201807165162165 61.82318730630505 61.38420807200404 60.88461171316733 60.32461663670029 59.705179156269196 59.028325532576815 58.297561975919365 57.51836340947025 56.69872848785705 55.84976607767682 54.986245236957764 54.12699737907365 53.29501221678277 52.5170341302925 51.82246982931335 51.24149470294042 50.802416191100654 50.52860110122269 50.43552211594424 50.52860110122269 50.802416191100654 51.24149470294042 51.82246982931335 52.5170341302925 53.295012216782766 54.12699737907365 54.98624523695777 55.84976607767682 56.698728487857046 57.51836340947025 58.297561975919365 59.028325532576815 59.70517915626918 60.32461663670029 60.884611713167324 61.38420807200404 61.82318730630505
62.77680437824634 62.74675180051853 62.65646977562177 62.50559203194516 62.29353083887937 62.019513617186796 61.6826393920415 61.28196060550501 60.816597780749674 60.28589668024108 59.689639762048635 59.028325532576815 58.30353008385102 57.51836340947025 56.678026985887115 55.79046567278439 54.86708259882707 53.923446894266796 52.97986983503401 52.06166061345213 51.19881622598346 50.4248853420083 49.77482134475421 49.28184544698501 48.973668873252464 48.86877607822636 48.973668873252464 49.28184544698501 49.77482134475421 50.4248853420083 51.19881622598346 52.061660613452126 52.97986983503401 53.9234468942668 54.867082598827075 55.790465672784386 56.678026985887115 57.51836340947025 58.303530083851015 59.02832553257681 59.689639762048635 60.28589668024108 60.816597780749674 61.28196060550501
62.28595371144605 62.25423513916514 62.15892463293468 61.99956396995935 61.775410700530315 61.48547278214808 61.128562767495836 60.70337769436508 60.208613182753 59.64312295206827 59.00613792681385 58.29756197591935 57.51836340947023 56.671081273304054 55.7604609048923 54.79422052254983 53.78392482328508 52.74589697822161 51.70203301172954 50.68029515199759 49.71457154956017 48.84354173742515 48.108249270206244 47.54832672963179 47.19725803148341 47.077580320244586 47.19725803148341 47.54832672963179 48.108249270206244 48.84354173742515 49.71457154956016 50.68029515199758 51.70203301172954 52.74589697822161 53.78392482328509 54.79422052254982 55.7604609048923 56.671081273304054 57.51836340947023 58.297561975919336 59.00613792681385 59.64312295206827 60.208613182753 60.70337769436507
61.771602012267 61.738071713173966 61.637290480198914 61.46869275015522 61.23135488696434 60.92402658705664 60.54518100734011 60.093090374731396 59.56593660769068 58.96196982419372 58.279731515745446 57.51836340947025 56.678026985887115 55.760460904892305 54.76970165618721 53.712982255901224 52.601798158985275 51.45308007521984 50.290331424667954 49.14447117593833 48.053986315900424 47.06389292307494 46.22302823135159 45.57947198421841 45.17448916757064 45.036166933192305 45.17448916757064 45.57947198421841 46.22302823135159 47.06389292307494 48.053986315900424 49.14447117593832 50.290331424667954 51.453080075219845 52.60179815898528 53.71298225590122 54.76970165618721 55.760460904892305 56.678026985887115 57.51836340947023 58.279731515745446 58.96196982419371 59.56593660769068 60.093090374731396
61.24059871285549 61.20512571670396 61.098475560240246 60.91995918109959 60.66844380777111 60.34237955773449 59.939843196854405 59.45860634694306 58.89623862271245 58.25026021264878 57.51836340947025 56.698728487857046 55.79046567278439 54.79422052254983 53.712982255901224 52.553128476151336 51.32571710698306 50.04798478773091 48.744915149437055 47.450588022866555 46.20881799542786 45.07239083232876 44.100140914553606 43.35139010448336 42.87806386347974 42.71600932587757 42.87806386347974 43.35139010448335 44.100140914553606 45.07239083232876 46.20881799542785 47.45058802286655 48.744915149437055 50.04798478773091 51.32571710698307 52.553128476151336 53.712982255901224 54.79422052254983 55.790465672784386 56.69872848785704 57.51836340947025 58.25026021264878 58.89623862271245 59.45860634694305
60.7014175470577 60.66389513740307 60.55105066173546 60.36205546649059 60.095539623991165 59.7496118366517 59.32189401575855 58.809578183531556 58.20951693343161 57.51836340947025 56.73278292063856 55.84976607767682 54.86708259882708 53.78392482328511 52.60179815898529 51.32571710698308 49.96575051547915 48.53891199953796 47.07128697564687 45.60009866888878 44.175127003277474 42.85854590010719 41.72199735674713 40.83990804418116 40.27907747275919 40.086472713077 40.27907747275919 40.83990804418116 41.72199735674713 42.85854590010719 44.17512700327747 45.60009866888877 47.07128697564687 48.538911999537966 49.96575051547915 51.32571710698308 52.60179815898529 53.78392482328511 54.867082598827075 55.84976607767682 56.73278292063856 57.51836340947025 58.20951693343161 58.809578183531556
60.16424391065548 60.1246010944244 60.00534452362625 59.80549117533299 59.52340800753274 59.156823055126715 58.702847616642416 58.15801727773325 57.51836340947025 56.779532122037864 55.93697494384819 54.98624523695777 53.92344689426681 52.74589697822164 51.453080075219866 50.04798478773093 48.538911999537966 46.94181091475454 45.28309890558719 43.60270561518416 41.956697269188155 40.418275131955475 39.07535521817862 38.02280916116476 37.34861039207633 37.1161373184954 37.34861039207633 38.02280916116476 39.07535521817862 40.418275131955475 41.95669726918815 43.602705615184156 45.28309890558719 46.941810914754555 48.53891199953798 50.047984787730925 51.453080075219866 52.74589697822164 53.9234468942668 54.98624523695777 55.93697494384819 56.779532122037864 57.51836340947025 58.15801727773324
59.64094043751502 59.599154882141875 59.47341542003237 59.26257287257893 58.96471009346688 58.57714208163598 58.09642240417167 57.51836340947025 56.83808175591723 56.05008656041696 55.14843570249791 54.12699737907364 52.979869835034 51.70203301172954 50.29033142466795 48.74491514943705 47.07128697564684 45.283098905587146 43.4057701032083 41.48078882428694 39.57010273323156 37.75918051738269 36.15617520554293 34.883693039889124 34.060505971482904 33.77510240510304 34.060505971482904 34.88369303988912 36.15617520554292 37.759180517382696 39.57010273323154 41.480788824286925 43.4057701032083 45.28309890558716 47.071286975646856 48.74491514943704 50.29033142466795 51.70203301172954 52.97986983503399 54.126997379073636 55.14843570249791 56.05008656041695 56.83808175591723 57.51836340947023
