test/standards/AN_sec_theta_Synth.asc
ncols         101
nrows         101
xllcorner     0.0
yllcorner     0.0
cellsize      1
NODATA_value  -9999.
[rows 0 to 18 of 101, columns 43 to 85 of 101]
2.3404623218298437 2.364466652284188 2.385258531923128 2.4025972584560042 2.416286265165244 2.4261729393881253 2.4321484341816078 2.43414751057087 2.4321484341816078 2.4261729393881253 2.416286265165244 2.4025972584560042 2.385258531923128 2.364466652284188 2.3404623218298437 2.313530497924218 2.2840003720057953 2.252245099682535 2.2186811361644194 2.183766986555306 2.148001130026598 2.111918824716647 2.076087454111795 2.041100048219531 2.007566621893008 1.976103040395222 1.9473172716330507 1.9217931319609585 1.9000719775377135 1.8826332066916758 1.8698748552630922 1.8620958891185866 1.8594819178862758 1.8620958891185864 1.8698748552630922 1.8826332066916758 1.9000719775377137 1.9217931319609582 1.9473172716330505 1.9761030403952218 2.007566621893008 2.0411000482195316 2.0760874541117946
2.342539642616846 2.366522902295753 2.3872968733356963 2.4046209022768275 2.4182984539862984 2.42817693530466 2.43414751057087 2.4361449465384197 2.43414751057087 2.42817693530466 2.418298453986298 2.4046209022768275 2.3872968733356963 2.366522902295753 2.342539642616846 2.315631978996619 2.2861289982520514 2.2544037097135705 2.2208723694301202 2.1859932179435417 2.1502643911672488 2.1142207121109333 2.0784290255976297 2.0434817112389556 2.0099880195327584 1.9785629440544865 1.949813492036278 1.9243224624211572 1.9026301840216857 1.885215077455222 1.8724743180272159 1.8647061960530555 1.8620958891185866 1.8647061960530555 1.8724743180272159 1.8852150774552219 1.902630184021686 1.9243224624211572 1.949813492036278 1.9785629440544863 2.009988019532759 2.0434817112389556 2.078429025597629
2.3404623218298437 2.364466652284188 2.385258531923128 2.4025972584560042 2.416286265165244 2.4261729393881253 2.4321484341816078 2.43414751057087 2.4321484341816078 2.4261729393881253 2.416286265165244 2.4025972584560042 2.385258531923128 2.364466652284188 2.3404623218298437 2.313530497924218 2.2840003720057953 2.252245099682535 2.2186811361644194 2.183766986555306 2.148001130026598 2.111918824716647 2.076087454111795 2.041100048219531 2.007566621893008 1.976103040395222 1.9473172716330507 1.9217931319609585 1.9000719775377135 1.8826332066916758 1.8698748552630922 1.8620958891185866 1.8594819178862758 1.8620958891185864 1.8698748552630922 1.8826332066916758 1.9000719775377137 1.9217931319609582 1.9473172716330505 1.9761030403952218 2.007566621893008 2.0411000482195316 2.0760874541117946
2.3342521298763574 2.3583196720739887 2.379165271694937 2.3965480826112118 2.410271445533339 2.4201826909856172 2.4261729393881253 2.42817693530466 2.4261729393881253 2.4201826909856172 2.410271445533339 2.396548082611212 2.3791652716949376 2.3583196720739887 2.334252129876358 2.3072478173687045 2.2776362363752867 2.2457909775780918 2.2121290897908756 2.177109868035146 2.1412328179165177 2.1050345004582973 2.069083913969553 2.033976040362556 2.0003231907034604 1.968743851339328 1.939848881312036 1.9142251612544119 1.8924171436951331 1.8749071755330586 1.8620958891185866 1.854284289476538 1.8516592907101437 1.8542842894765377 1.8620958891185864 1.8749071755330586 1.8924171436951334 1.9142251612544117 1.9398488813120358 1.9687438513393278 2.000323190703461 2.0339760403625564 2.0690839139695525
2.3239744381639182 2.3481473248282683 2.369082432809427 2.3865386851409855 2.4003192755465594 2.410271445533339 2.416286265165244 2.4182984539862984 2.416286265165244 2.4102714455333394 2.4003192755465594 2.386538685140986 2.369082432809427 2.3481473248282687 2.3239744381639187 2.2968492928704833 2.2671018963991822 2.235106551907123 2.2012812844582124 2.1660866928410325 2.1300239820081135 2.0936318758384203 2.0574820598135366 2.0221727710994255 1.988320157990926 1.9565470951636708 1.927469290477684 1.9016787718714396 1.8797252004370837 1.8620958891185866 1.8491958478428745 1.8413295222763624 1.8386860287390505 1.8413295222763624 1.8491958478428745 1.8620958891185866 1.879725200437084 1.9016787718714396 1.9274692904776836 1.9565470951636705 1.9883201579909262 2.022172771099426 2.057482059813536
2.309738396518836 2.3340587246708804 2.3551190722679687 2.37267805797343 2.3865386851409855 2.3965480826112118 2.4025972584560042 2.4046209022768275 2.4025972584560042 2.396548082611212 2.3865386851409855 2.37267805797343 2.3551190722679687 2.334058724670881 2.3097383965188363 2.28244407275923 2.2525064438910873 2.220300783563401 2.1862464555534675 2.150805856421519 2.1144825454573524 2.07781825544026 2.0413884239822306 2.0057958488565166 1.9716620708902337 1.9396161493211748 1.9102806434785045 1.8842548719588257 1.8620958891185864 1.844298070103215 1.8312726598716618 1.823329010552018 1.820659381486357 1.823329010552018 1.8312726598716618 1.8442980701032148 1.8620958891185864 1.8842548719588255 1.9102806434785045 1.9396161493211748 1.971662070890234 2.005795848856517 2.0413884239822306
2.291697217811544 2.316206987292808 2.337428185491932 2.3551190722679687 2.369082432809427 2.379165271694937 2.385258531923128 2.3872968733356963 2.385258531923128 2.3791652716949376 2.3690824328094267 2.3551190722679687 2.337428185491932 2.316206987292808 2.2916972178115445 2.2641854215248163 2.2340031238882907 2.201526799124649 2.16717748285457 2.131419834239344 2.094760395084739 2.0577447315963595 2.0209530858831 1.9849941221731118 1.9504963469740038 1.9180968391818154 1.888427074212933 1.8620958891185866 1.83967001879253 1.8216531088981271 1.8084646063899619 1.8004203282823623 1.7977166798931508 1.8004203282823623 1.8084646063899619 1.8216531088981271 1.8396700187925301 1.8620958891185864 1.8884270742129328 1.9180968391818152 1.950496346974004 1.9849941221731122 2.0209530858830997
2.2700485509735455 2.2947895532348817 2.316206987292808 2.334058724670881 2.3481473248282687 2.3583196720739887 2.364466652284188 2.366522902295753 2.364466652284188 2.3583196720739887 2.3481473248282683 2.334058724670881 2.316206987292808 2.2947895532348817 2.2700485509735455 2.2422711496822663 2.2117898279887633 2.178982453558528 2.144272027482472 2.108125896487398 2.071054175647632 2.033607057930439 1.996370622152196 1.9599607013187086 1.9250143597414682 1.8921785777592959 1.8620958891185866 1.8353869853315026 1.8126307025138984 1.7943423126065252 1.780951576606484 1.7727824582120308 1.7700365947680217 1.7727824582120306 1.780951576606484 1.7943423126065252 1.8126307025138984 1.8353869853315024 1.8620958891185864 1.8921785777592957 1.9250143597414686 1.959960701318709 1.9963706221521957
2.245034911514349 2.2700485509735455 2.291697217811544 2.309738396518836 2.3239744381639182 2.3342521298763574 2.3404623218298437 2.342539642616846 2.3404623218298437 2.334252129876358 2.3239744381639182 2.3097383965188363 2.2916972178115445 2.2700485509735455 2.245034911514349 2.2169441217221912 2.186109689227809 2.1529110207012945 2.1177733254493827 2.081167010497221 2.0436063046997677 2.0056467775273 1.9678813457964104 1.930934302573464 1.8954528786946936 1.8620958891185861 1.8315191591718294 1.804357701805661 1.7812050398079313 1.7625906118413541 1.748956788590921 1.7406375194983694 1.7378408664084062 1.7406375194983692 1.748956788590921 1.7625906118413541 1.7812050398079315 1.804357701805661 1.8315191591718292 1.862095889118586 1.8954528786946938 1.9309343025734644 1.9678813457964102
2.216944121722191 2.242271149682266 2.2641854215248163 2.28244407275923 2.296849292870483 2.307247817368704 2.313530497924218 2.3156319789966187 2.313530497924218 2.307247817368704 2.2968492928704825 2.28244407275923 2.2641854215248163 2.242271149682266 2.2169441217221912 2.18849279728285 2.1572517373399065 2.123601974941968 2.0879711068176383 2.0508329065290223 2.0127061915562776 1.9741525982370205 1.9357728368932725 1.8982009287151893 1.862095889118586 1.8281303523525545 1.796975769267305 1.7692840927860463 1.7456663136915689 1.726668801441555 1.7127490572989972 1.7042530502263369 1.7013965915915832 1.7042530502263369 1.7127490572989972 1.726668801441555 1.745666313691569 1.7692840927860463 1.7969757692673047 1.8281303523525543 1.8620958891185864 1.8982009287151895 1.9357728368932725
2.1861096892278087 2.211789827988763 2.2340031238882903 2.2525064438910873 2.267101896399182 2.2776362363752862 2.284000372005795 2.286128998252051 2.284000372005795 2.2776362363752867 2.267101896399182 2.2525064438910873 2.2340031238882907 2.211789827988763 2.186109689227809 2.1572517373399065 2.1255515502460005 2.0913918051083966 2.0552025879222717 2.0174612623293187 1.978691625298421 1.9394619912808575 1.9003817538986632 1.862095889118586 1.8252768104508061 1.790613001094822 1.758793975947994 1.730491414449339 1.7063367818970092 1.6868964059386535 1.6726457089819513 1.6639449491202838 1.6610191739942641 1.6639449491202838 1.6726457089819513 1.6868964059386533 1.7063367818970094 1.7304914144493388 1.7587939759479938 1.7906130010948218 1.8252768104508064 1.8620958891185864 1.900381753898663
2.152911020701294 2.1789824535585276 2.2015267991246485 2.2203007835634008 2.2351065519071227 2.2457909775780913 2.2522450996825345 2.2544037097135705 2.2522450996825345 2.2457909775780918 2.2351065519071227 2.220300783563401 2.2015267991246485 2.178982453558528 2.1529110207012945 2.123601974941968 2.0913918051083966 2.0566647690364945 2.0198534518929296 1.9814389303535924 1.941950266548422 1.901962961086385 1.8620958891185866 1.8230061409643463 1.785381114633749 1.7499272011747191 1.7173545177255434 1.6883574340773504 1.6635911465789972 1.6436452701511135 1.6290162545220706 1.6200811965529025 1.6170760607027634 1.6200811965529025 1.6290162545220706 1.6436452701511135 1.6635911465789972 1.6883574340773504 1.7173545177255432 1.749927201174719 1.7853811146337495 1.8230061409643465 1.8620958891185864
2.1177733254493827 2.144272027482472 2.1671774828545702 2.186246455553468 2.201281284458213 2.212129089790876 2.21868113616442 2.2208723694301202 2.21868113616442 2.212129089790876 2.2012812844582124 2.186246455553468 2.1671774828545702 2.144272027482472 2.117773325449383 2.0879711068176388 2.0552025879222726 2.0198534518929305 1.9823586865276512 1.9432030850244753 1.9029211314910919 1.8620958891185866 1.8213563888487583 1.7813728932824726 1.742849310588468 1.706511999471154 1.6730942993388576 1.64331640901322 1.6178607782821957 1.5973439732937853 1.5822869374500206 1.5730864815235475 1.5699913952075717 1.5730864815235475 1.5822869374500204 1.597343973293785 1.6178607782821959 1.6433164090132197 1.6730942993388573 1.7065119994711537 1.7428493105884684 1.781372893282473 1.821356388848758
2.0811670104972206 2.108125896487397 2.131419834239344 2.1508058564215187 2.166086692841032 2.1771098680351457 2.1837669865553058 2.185993217943541 2.1837669865553058 2.1771098680351457 2.1660866928410316 2.1508058564215187 2.131419834239344 2.1081258964873975 2.0811670104972206 2.0508329065290223 2.0174612623293187 1.9814389303535922 1.9432030850244748 1.9032421015849874 1.8620958891185864 1.8203552861651322 1.778659990778786 1.7376943495674286 1.6981801986290206 1.6608658801769747 1.6265106215691258 1.5958637434722005 1.569638737257995 1.548483140565301 1.5329462547728039 1.5234478481225195 1.520251705679957 1.5234478481225193 1.5329462547728037 1.548483140565301 1.5696387372579952 1.5958637434722005 1.6265106215691256 1.6608658801769745 1.6981801986290208 1.7376943495674289 1.7786599907787854
2.043606304699767 2.0710541756476313 2.0947603950847387 2.114482545457352 2.130023982008113 2.141232817916517 2.1480011300265973 2.1502643911672483 2.1480011300265973 2.141232817916517 2.130023982008113 2.114482545457352 2.0947603950847387 2.0710541756476317 2.0436063046997672 2.0127061915562776 1.9786916252984208 1.9419502665484218 1.902921131491091 1.8620958891185861 1.8200196986019237 1.7772911891122511 1.734561029720168 1.6925283618141433 1.6519341966441636 1.6135507661560373 1.5781658357422021 1.5465612470108658 1.5194855604866968 1.4976216610485027 1.4815514918654245 1.4717214236994154 1.4684126980006396 1.4717214236994154 1.4815514918654245 1.4976216610485027 1.5194855604866973 1.5465612470108656 1.5781658357422017 1.613550766156037 1.651934196644164 1.6925283618141438 1.7345610297201677
2.0056467775272995 2.0336070579304386 2.0577447315963595 2.07781825544026 2.0936318758384203 2.1050345004582973 2.111918824716647 2.114220712110933 2.111918824716647 2.1050345004582973 2.09363187583842 2.07781825544026 2.0577447315963595 2.0336070579304386 2.0056467775273 1.9741525982370207 1.9394619912808577 1.901962961086385 1.8620958891185861 1.8203552861651326 1.7772911891122516 1.7335098034026353 1.6896728184535885 1.6464946167972343 1.6047363825997722 1.5651959438229257 1.5286921445146786 1.496042766217867 1.46803563857441 1.445393685899686 1.4287361865108856 1.4185401709408294 1.4151071052208455 1.4185401709408294 1.4287361865108856 1.445393685899686 1.46803563857441 1.496042766217867 1.5286921445146782 1.5651959438229255 1.6047363825997725 1.6464946167972345 1.689672818453588
1.9678813457964102 1.9963706221521955 2.0209530858830997 2.0413884239822306 2.057482059813536 2.0690839139695525 2.0760874541117946 2.078429025597629 2.0760874541117946 2.069083913969553 2.057482059813536 2.0413884239822306 2.0209530858831 1.9963706221521957 1.9678813457964106 1.9357728368932727 1.9003817538986634 1.8620958891185868 1.8213563888487578 1.7786599907787861 1.7345610297201683 1.6896728184535883 1.6446678170222528 1.6002757631327549 1.5572786688859679 1.5165013476708777 1.4787960196148542 1.4450197068831476 1.4160037538977166 1.3925160330016062 1.3752181956233411 1.3646223695589514 1.3610533105556046 1.3646223695589514 1.3752181956233411 1.392516033001606 1.4160037538977168 1.4450197068831474 1.478796019614854 1.5165013476708777 1.5572786688859683 1.6002757631327553 1.6446678170222526
1.9309343025734644 1.9599607013187088 1.9849941221731122 2.005795848856517 2.022172771099426 2.0339760403625564 2.0411000482195316 2.0434817112389556 2.0411000482195316 2.0339760403625564 2.022172771099426 2.005795848856517 1.9849941221731124 1.959960701318709 1.9309343025734647 1.89820092871519 1.8620958891185868 1.8230061409643472 1.7813728932824728 1.7376943495674295 1.6925283618141445 1.6464946167972347 1.6002757631327555 1.5546166111911648 1.5103202118387453 1.4682392949410425 1.4292613327695243 1.3942855672357934 1.3641909399984322 1.3397952052041053 1.3218076165973998 1.3107801116976363 1.3070640397072177 1.3107801116976363 1.3218076165973998 1.339795205204105 1.3641909399984322 1.3942855672357932 1.429261332769524 1.4682392949410423 1.5103202118387455 1.5546166111911652 1.6002757631327553
1.8954528786946938 1.9250143597414684 1.950496346974004 1.971662070890234 1.9883201579909262 2.000323190703461 2.007566621893008 2.009988019532759 2.007566621893008 2.000323190703461 1.9883201579909262 1.9716620708902342 1.9504963469740042 1.9250143597414686 1.8954528786946943 1.8620958891185866 1.825276810450807 1.78538111463375 1.7428493105884681 1.6981801986290213 1.6519341966441647 1.6047363825997727 1.5572786688859686 1.5103202118387453 1.4646847704491786 1.421253306664966 1.3809497789011909 1.3447180289931302 1.3134882014205291 1.28813257329556 1.2694131359774206 1.257926403140978 1.2540537222913866 1.257926403140978 1.2694131359774206 1.28813257329556 1.3134882014205294 1.34471802899313 1.3809497789011904 1.4212533066649657 1.464684770449179 1.5103202118387455 1.5572786688859683
