test/standards/AN_sec_theta_Synth.asc
ncols         101
nrows         101
xllcorner     0.0
yllcorner     0.0
cellsize      1
NODATA_value  -9999.
[rows 19 to 37 of 101, columns 0 to 42 of 101]
1.9785629440544863 1.9761030403952218 1.9687438513393278 1.9565470951636705 1.9396161493211748 1.9180968391818152 1.8921785777592957 1.8620958891185861 1.8281303523525547 1.7906130010948222 1.7499272011747191 1.7065119994711535 1.6608658801769747 1.613550766156038 1.565195943822926 1.516501347670878 1.4682392949410419 1.4212533066649653 1.3764521228965563 1.3347965301002185 1.2972764017045495 1.2648757805378645 1.238525337369154 1.2190443776632434 1.2070784235663952 1.2030420704668716 1.2070784235663952 1.2190443776632434 1.238525337369154 1.2648757805378645 1.2972764017045495 1.334796530100218 1.3764521228965563 1.4212533066649657 1.4682392949410423 1.5165013476708777 1.565195943822926 1.613550766156038 1.6608658801769745 1.7065119994711535 1.749927201174719 1.790613001094822 1.8281303523525547
1.949813492036278 1.9473172716330505 1.9398488813120358 1.9274692904776836 1.9102806434785045 1.8884270742129328 1.8620958891185864 1.8315191591718296 1.7969757692673052 1.758793975947994 1.7173545177255432 1.6730942993388573 1.626510621569126 1.5781658357422026 1.5286921445146788 1.4787960196148544 1.4292613327695238 1.38094977890119 1.3347965301002187 1.2917984002578462 1.2529913776880715 1.2194146424954966 1.1920597054873234 1.171806521936754 1.1593531173808442 1.1551500133984178 1.1593531173808442 1.171806521936754 1.1920597054873234 1.2194146424954966 1.2529913776880712 1.291798400257846 1.3347965301002187 1.3809497789011902 1.429261332769524 1.4787960196148542 1.5286921445146788 1.5781658357422026 1.6265106215691256 1.6730942993388573 1.7173545177255432 1.758793975947994 1.7969757692673052
1.9243224624211572 1.9217931319609582 1.9142251612544119 1.9016787718714396 1.884254871958826 1.8620958891185864 1.8353869853315024 1.8043577018056611 1.7692840927860467 1.7304914144493393 1.6883574340773504 1.6433164090132195 1.5958637434722007 1.5465612470108663 1.4960427662178675 1.4450197068831476 1.394285567235793 1.3447180289931295 1.2972764017045502 1.252991377688072 1.212943394479962 1.178225935881714 1.1498915718877347 1.1288821065573826 1.115949791179067 1.1115825831247477 1.115949791179067 1.1288821065573824 1.1498915718877347 1.178225935881714 1.212943394479962 1.2529913776880717 1.2972764017045502 1.3447180289931298 1.3942855672357934 1.4450197068831474 1.4960427662178675 1.5465612470108665 1.5958637434722005 1.6433164090132195 1.6883574340773504 1.730491414449339 1.7692840927860467
1.902630184021686 1.9000719775377137 1.8924171436951336 1.879725200437084 1.8620958891185866 1.8396700187925301 1.8126307025138984 1.7812050398079318 1.7456663136915695 1.7063367818970097 1.6635911465789974 1.6178607782821957 1.5696387372579954 1.5194855604866981 1.4680356385744107 1.416003753897717 1.3641909399984322 1.3134882014205287 1.2648757805378652 1.219414642495497 1.1782259358817142 1.1424539525758182 1.1132094613639494 1.0914941540279555 1.0781134514532187 1.0735923420358655 1.0781134514532187 1.0914941540279555 1.1132094613639494 1.1424539525758182 1.178225935881714 1.2194146424954968 1.2648757805378652 1.3134882014205291 1.3641909399984324 1.416003753897717 1.4680356385744107 1.5194855604866981 1.5696387372579952 1.6178607782821954 1.6635911465789972 1.7063367818970094 1.7456663136915695
1.8852150774552219 1.8826332066916758 1.8749071755330586 1.8620958891185866 1.844298070103215 1.8216531088981271 1.7943423126065252 1.7625906118413543 1.7266688014415554 1.686896405938654 1.6436452701511135 1.5973439732937849 1.5484831405653012 1.4976216610485036 1.4453936858996865 1.3925160330016062 1.339795205204105 1.2881325732955593 1.2385253373691545 1.1920597054873237 1.1498915718877347 1.1132094613639492 1.0831756902665044 1.0608457754976952 1.0470734861118753 1.0424177607812326 1.0470734861118753 1.0608457754976952 1.0831756902665044 1.1132094613639492 1.1498915718877345 1.1920597054873234 1.2385253373691545 1.2881325732955597 1.3397952052041053 1.3925160330016062 1.4453936858996865 1.4976216610485036 1.548483140565301 1.5973439732937849 1.6436452701511135 1.6868964059386535 1.7266688014415554
1.8724743180272159 1.8698748552630922 1.8620958891185866 1.8491958478428745 1.831272659871662 1.8084646063899619 1.780951576606484 1.7489567885909212 1.7127490572989978 1.6726457089819518 1.6290162545220706 1.5822869374500201 1.532946254772804 1.4815514918654251 1.4287361865108863 1.3752181956233416 1.3218076165973995 1.2694131359774201 1.2190443776632442 1.1718065219367544 1.1288821065573826 1.0914941540279552 1.0608457754976954 1.0380356173071783 1.0239565756053641 1.01919525675856 1.0239565756053641 1.038035617307178 1.0608457754976952 1.0914941540279555 1.1288821065573824 1.1718065219367542 1.2190443776632442 1.2694131359774201 1.3218076165974 1.3752181956233411 1.4287361865108863 1.4815514918654253 1.5329462547728039 1.5822869374500201 1.6290162545220706 1.6726457089819513 1.7127490572989978
1.8647061960530555 1.8620958891185864 1.854284289476538 1.8413295222763624 1.8233290105520181 1.8004203282823623 1.7727824582120306 1.7406375194983696 1.7042530502263373 1.6639449491202842 1.6200811965529025 1.5730864815235472 1.5234478481225198 1.471721423699416 1.41854017094083 1.3646223695589517 1.310780111697636 1.2579264031409776 1.207078423566396 1.1593531173808447 1.115949791179067 1.0781134514532185 1.0470734861118756 1.0239565756053641 1.0096812341787051 1.004852276370172 1.0096812341787051 1.0239565756053641 1.0470734861118756 1.0781134514532185 1.1159497911790668 1.1593531173808445 1.207078423566396 1.2579264031409778 1.3107801116976363 1.3646223695589517 1.41854017094083 1.4717214236994163 1.5234478481225195 1.573086481523547 1.6200811965529025 1.6639449491202838 1.7042530502263373
1.8620958891185866 1.8594819178862758 1.8516592907101437 1.8386860287390505 1.8206593814863572 1.7977166798931508 1.7700365947680217 1.7378408664084064 1.7013965915915836 1.6610191739942644 1.6170760607027637 1.5699913952075715 1.5202517056799574 1.4684126980006402 1.4151071052208462 1.3610533105556049 1.3070640397072175 1.2540537222913861 1.2030420704668723 1.1551500133984183 1.1115825831247477 1.0735923420358655 1.0424177607812328 1.0191952567585603 1.0048522763701722 1.0 1.0048522763701722 1.01919525675856 1.0424177607812326 1.0735923420358655 1.1115825831247474 1.155150013398418 1.2030420704668723 1.2540537222913863 1.307064039707218 1.3610533105556046 1.4151071052208462 1.4684126980006404 1.5202517056799572 1.5699913952075715 1.6170760607027634 1.6610191739942641 1.7013965915915836
1.8647061960530555 1.8620958891185866 1.854284289476538 1.8413295222763624 1.8233290105520181 1.8004203282823623 1.7727824582120308 1.7406375194983699 1.7042530502263376 1.6639449491202842 1.6200811965529027 1.5730864815235472 1.52344784812252 1.471721423699416 1.41854017094083 1.3646223695589519 1.310780111697636 1.2579264031409776 1.207078423566396 1.1593531173808447 1.115949791179067 1.0781134514532185 1.0470734861118756 1.0239565756053641 1.0096812341787054 1.0048522763701722 1.0096812341787054 1.0239565756053641 1.0470734861118756 1.0781134514532185 1.1159497911790668 1.1593531173808445 1.207078423566396 1.257926403140978 1.3107801116976365 1.3646223695589517 1.41854017094083 1.4717214236994163 1.5234478481225198 1.5730864815235472 1.6200811965529025 1.663944949120284 1.7042530502263376
1.8724743180272159 1.8698748552630922 1.8620958891185866 1.8491958478428745 1.8312726598716622 1.8084646063899619 1.780951576606484 1.7489567885909212 1.7127490572989978 1.6726457089819518 1.6290162545220708 1.5822869374500201 1.5329462547728043 1.4815514918654251 1.4287361865108863 1.3752181956233416 1.3218076165973995 1.2694131359774201 1.2190443776632442 1.1718065219367544 1.1288821065573826 1.0914941540279555 1.0608457754976954 1.0380356173071783 1.0239565756053643 1.0191952567585603 1.0239565756053643 1.0380356173071783 1.0608457754976954 1.0914941540279555 1.1288821065573826 1.1718065219367542 1.2190443776632442 1.2694131359774203 1.3218076165974 1.3752181956233411 1.4287361865108863 1.4815514918654253 1.532946254772804 1.5822869374500201 1.6290162545220706 1.6726457089819515 1.7127490572989978
1.885215077455222 1.8826332066916758 1.8749071755330586 1.8620958891185866 1.8442980701032152 1.8216531088981271 1.7943423126065252 1.7625906118413543 1.7266688014415554 1.686896405938654 1.6436452701511135 1.597343973293785 1.5484831405653012 1.4976216610485036 1.4453936858996865 1.3925160330016064 1.339795205204105 1.2881325732955595 1.2385253373691547 1.1920597054873239 1.149891571887735 1.1132094613639492 1.0831756902665046 1.0608457754976954 1.0470734861118756 1.0424177607812328 1.0470734861118756 1.0608457754976952 1.0831756902665046 1.1132094613639494 1.1498915718877347 1.1920597054873237 1.2385253373691547 1.2881325732955597 1.3397952052041053 1.3925160330016062 1.4453936858996865 1.4976216610485038 1.5484831405653012 1.5973439732937849 1.6436452701511135 1.6868964059386538 1.7266688014415554
1.9026301840216857 1.9000719775377135 1.8924171436951334 1.8797252004370837 1.8620958891185864 1.83967001879253 1.8126307025138984 1.7812050398079315 1.7456663136915693 1.7063367818970097 1.6635911465789972 1.6178607782821954 1.5696387372579952 1.5194855604866977 1.4680356385744107 1.416003753897717 1.364190939998432 1.3134882014205287 1.264875780537865 1.2194146424954968 1.178225935881714 1.142453952575818 1.1132094613639492 1.0914941540279552 1.0781134514532185 1.0735923420358653 1.0781134514532182 1.091494154027955 1.1132094613639492 1.142453952575818 1.1782259358817138 1.2194146424954966 1.2648757805378652 1.3134882014205287 1.3641909399984322 1.4160037538977168 1.4680356385744107 1.5194855604866977 1.569638737257995 1.6178607782821954 1.6635911465789972 1.7063367818970094 1.7456663136915693
1.9243224624211572 1.9217931319609585 1.9142251612544119 1.9016787718714396 1.884254871958826 1.8620958891185866 1.8353869853315026 1.8043577018056611 1.769284092786047 1.7304914144493393 1.6883574340773504 1.6433164090132197 1.5958637434722007 1.5465612470108665 1.4960427662178677 1.4450197068831478 1.3942855672357932 1.3447180289931295 1.2972764017045504 1.252991377688072 1.2129433944799624 1.1782259358817142 1.1498915718877352 1.1288821065573829 1.1159497911790672 1.1115825831247477 1.1159497911790672 1.1288821065573826 1.149891571887735 1.1782259358817142 1.212943394479962 1.252991377688072 1.2972764017045504 1.34471802899313 1.3942855672357934 1.4450197068831476 1.4960427662178677 1.5465612470108667 1.5958637434722007 1.6433164090132197 1.6883574340773504 1.730491414449339 1.769284092786047
1.949813492036278 1.9473172716330507 1.9398488813120363 1.927469290477684 1.9102806434785047 1.888427074212933 1.8620958891185866 1.8315191591718298 1.7969757692673054 1.7587939759479942 1.7173545177255434 1.6730942993388576 1.626510621569126 1.5781658357422028 1.528692144514679 1.4787960196148546 1.429261332769524 1.3809497789011902 1.334796530100219 1.2917984002578466 1.252991377688072 1.2194146424954968 1.1920597054873237 1.1718065219367542 1.1593531173808445 1.155150013398418 1.1593531173808445 1.1718065219367542 1.1920597054873237 1.2194146424954968 1.2529913776880715 1.2917984002578462 1.334796530100219 1.3809497789011904 1.4292613327695243 1.4787960196148544 1.528692144514679 1.5781658357422028 1.6265106215691258 1.6730942993388573 1.7173545177255434 1.758793975947994 1.7969757692673054
1.9785629440544865 1.976103040395222 1.968743851339328 1.9565470951636708 1.939616149321175 1.9180968391818154 1.8921785777592959 1.8620958891185864 1.8281303523525547 1.7906130010948225 1.7499272011747191 1.7065119994711537 1.660865880176975 1.6135507661560382 1.5651959438229262 1.5165013476708782 1.4682392949410423 1.4212533066649657 1.3764521228965565 1.3347965301002187 1.29727640170455 1.2648757805378648 1.2385253373691543 1.2190443776632438 1.2070784235663956 1.2030420704668718 1.2070784235663956 1.2190443776632438 1.2385253373691543 1.2648757805378648 1.2972764017045497 1.3347965301002185 1.3764521228965565 1.4212533066649657 1.4682392949410425 1.5165013476708782 1.5651959438229262 1.6135507661560382 1.6608658801769747 1.7065119994711535 1.7499272011747191 1.790613001094822 1.8281303523525547
2.0099880195327584 2.007566621893008 2.000323190703461 1.988320157990926 1.971662070890234 1.9504963469740038 1.9250143597414682 1.8954528786946938 1.8620958891185866 1.8252768104508064 1.7853811146337493 1.742849310588468 1.6981801986290208 1.6519341966441645 1.6047363825997725 1.557278668885968 1.510320211838745 1.464684770449178 1.421253306664966 1.3809497789011904 1.3447180289931298 1.3134882014205287 1.2881325732955597 1.2694131359774201 1.2579264031409778 1.2540537222913861 1.2579264031409778 1.2694131359774201 1.2881325732955595 1.3134882014205287 1.3447180289931295 1.3809497789011902 1.421253306664966 1.4646847704491783 1.5103202118387453 1.5572786688859679 1.6047363825997725 1.6519341966441645 1.6981801986290206 1.742849310588468 1.785381114633749 1.8252768104508064 1.8620958891185866
2.0434817112389556 2.041100048219531 2.0339760403625564 2.0221727710994255 2.0057958488565166 1.9849941221731118 1.9599607013187086 1.9309343025734642 1.8982009287151898 1.8620958891185864 1.8230061409643463 1.7813728932824724 1.7376943495674289 1.692528361814144 1.6464946167972347 1.6002757631327553 1.5546166111911646 1.5103202118387447 1.4682392949410423 1.429261332769524 1.3942855672357928 1.3641909399984318 1.3397952052041049 1.3218076165973993 1.310780111697636 1.3070640397072173 1.3107801116976359 1.3218076165973993 1.3397952052041049 1.3641909399984318 1.3942855672357928 1.4292613327695238 1.4682392949410425 1.510320211838745 1.554616611191165 1.6002757631327549 1.6464946167972347 1.692528361814144 1.7376943495674286 1.7813728932824724 1.8230061409643463 1.8620958891185861 1.8982009287151898
2.0784290255976297 2.076087454111795 2.069083913969553 2.0574820598135366 2.041388423982231 2.0209530858831 1.996370622152196 1.9678813457964106 1.9357728368932732 1.9003817538986634 1.8620958891185866 1.821356388848758 1.7786599907787861 1.7345610297201686 1.689672818453589 1.6446678170222533 1.6002757631327553 1.557278668885968 1.5165013476708786 1.4787960196148546 1.4450197068831478 1.416003753897717 1.3925160330016064 1.3752181956233416 1.3646223695589519 1.3610533105556049 1.3646223695589519 1.3752181956233414 1.3925160330016064 1.416003753897717 1.4450197068831476 1.4787960196148544 1.5165013476708786 1.5572786688859683 1.6002757631327558 1.6446678170222528 1.689672818453589 1.7345610297201686 1.778659990778786 1.821356388848758 1.8620958891185866 1.9003817538986634 1.9357728368932732
2.1142207121109333 2.111918824716647 2.1050345004582978 2.0936318758384203 2.07781825544026 2.0577447315963595 2.033607057930439 2.0056467775273 1.974152598237021 1.939461991280858 1.901962961086385 1.8620958891185864 1.8203552861651324 1.7772911891122518 1.7335098034026357 1.6896728184535885 1.6464946167972347 1.6047363825997722 1.5651959438229264 1.5286921445146788 1.4960427662178675 1.4680356385744102 1.4453936858996865 1.428736186510886 1.4185401709408298 1.4151071052208457 1.4185401709408298 1.428736186510886 1.4453936858996865 1.4680356385744102 1.496042766217867 1.5286921445146786 1.5651959438229264 1.6047363825997725 1.646494616797235 1.6896728184535885 1.7335098034026357 1.7772911891122518 1.8203552861651324 1.8620958891185864 1.901962961086385 1.9394619912808577 1.974152598237021
